 -10032 5849.525321  0
 -10004 5850.103013  0
 -10003 5850.123644  0
 -10002 5850.144276  0
  -9981 5850.577545  0
  -9980 5850.598177  0
  -9979 5850.618809  0
  -9978 5850.639441  0
  -9977 5850.660072  0
  -9973 5850.742600  0
  -9660 5857.200368  0
  -9654 5857.324159  0
  -9653 5857.344791  0
  -9652 5857.365422  0
  -9651 5857.386054  0
  -9520 5860.088826  0
  -9441 5861.718742  0
  -9420 5862.152011  0
  -9400 5862.564648  0
  -9271 5865.226156  0
  -9252 5865.618161  0
  -9112 5868.506619  0
  -8972 5871.395078  0
  -8959 5871.663292  0
  -8958 5871.683924  0
  -8957 5871.704555  0
  -8892 5873.045625  0
  -8793 5875.088178  0
  -8680 5877.419577  0
  -8542 5880.266771  0
  -8451 5882.144269  0
  -8325 5884.743882  0
  -8234 5886.621380  0
  -8113 5889.117833  0
  -8112 5889.138465  0
  -8074 5889.922475  0
  -8066 5890.087530  0
  -8050 5890.417640  0
  -8031 5890.809645  0
  -7843 5894.688432  0
  -7710 5897.432467  0
  -7632 5899.041751  0
  -7630 5899.083015  0
  -7614 5899.413125  0
  -7608 5899.536916  0
  -7607 5899.557547  0
  -7601 5899.681339  0
  -7584 5900.032080  0
  -7556 5900.609772  0
  -7553 5900.671667  0
  -7532 5901.104936  0
  -7403 5903.766444  0
  -7393 5903.972763  0
  -7392 5903.993394  0
  -7377 5904.302872  0
  -7242 5907.088171  0
  -7101 5909.997262  0
  -6977 5912.555610  0
  -6976 5912.576242  0
  -6971 5912.679402  0
  -6961 5912.885720  0
  -6960 5912.906352  0
  -6954 5913.030143  0
  -6953 5913.050775  0
  -6952 5913.071407  0
  -6951 5913.092038  0
  -6806 5916.083656  0
  -6699 5918.291264  0
  -6641 5919.487911  0
  -6640 5919.508543  0
  -6639 5919.529174  0
  -6622 5919.879916  0
  -6591 5920.519503  0
  -6589 5920.560767  0
  -6569 5920.973404  0
  -6429 5923.861862  0
  -6284 5926.853480  0
  -6157 5929.473724  0
  -6128 5930.072048  0
  -5994 5932.836715  0
  -5935 5934.053994  0
  -5934 5934.074626  0
  -5863 5935.539487  0
  -5862 5935.560119  0
  -5857 5935.663278  0
  -5856 5935.683910  0
  -5825 5936.323497  0
  -5824 5936.344129  0
  -5818 5936.467920  0
  -5817 5936.488552  0
  -5815 5936.529816  0
  -5814 5936.550447  0
  -5813 5936.571079  0
  -5801 5936.818661  0
  -5800 5936.839293  0
  -5799 5936.859925  0
  -5694 5939.026269  0
  -5583 5941.316404  0
  -5487 5943.297061  0
  -5350 5946.123624  0
  -5337 5946.391838  0
  -5287 5947.423430  0
  -5286 5947.444062  0
  -5285 5947.464694  0
  -5140 5950.456312  0
  -5118 5950.910212  0
  -5117 5950.930844  0
  -5113 5951.013371  0
  -5106 5951.157794  0
  -5089 5951.508536  0
  -5084 5951.611695  0
  -5071 5951.879909  0
  -5070 5951.900541  0
  -5069 5951.921173  0
  -5067 5951.962436  0
  -5062 5952.065596  0
  -4923 5954.933422  0
  -4831 5956.831552  0
  -4725 5959.018528  0
  -4602 5961.556245  0
  -4476 5964.155857  0
  -4402 5965.682614  0
  -4401 5965.703246  0
  -4400 5965.723878  0
  -4298 5967.828326  0
  -4297 5967.848958  0
  -4296 5967.869590  0
  -4295 5967.890221  0
  -4294 5967.910853  0
  -4293 5967.931485  0
  -4172 5970.427938  0
  -4131 5971.273844  0
  -4130 5971.294476  0
  -4129 5971.315108  0
  -4117 5971.562690  0
  -4116 5971.583322  0
  -4115 5971.603954  0
  -4114 5971.624586  0
  -4113 5971.645217  0
  -4112 5971.665849  0
  -3981 5974.368621  0
  -3940 5975.214527  0
  -3797 5978.164881  0
  -3758 5978.969523  0
  -3755 5979.031418  0
  -3749 5979.155209  0
  -3748 5979.175841  0
  -3747 5979.196473  0
  -3746 5979.217105  0
  -3745 5979.237737  0
  -3719 5979.774165  0
  -3714 5979.877324  0
  -3708 5980.001115  0
  -3703 5980.104274  0
  -3603 5982.167459  0
  -3520 5983.879902  0
  -3391 5986.541410  0
  -3316 5988.088799  0
  -3315 5988.109431  0
  -3269 5989.058495  0
  -3262 5989.202918  0
  -3240 5989.656819  0
  -1700 6021.429862  0
  -1595 6023.596206  0
  -1450 6026.587823  0
  -1407 6027.474993  0
  -1406 6027.495625  0
  -1405 6027.516256  0
  -1404 6027.536888  0
  -1403 6027.557520  0
  -1395 6027.722575  0
  -1394 6027.743207  0
  -1391 6027.805102  0
  -1390 6027.825734  0
  -1389 6027.846366  0
  -1388 6027.866998  0
  -1387 6027.887630  0
  -1386 6027.908261  0
  -1385 6027.928893  0
  -1384 6027.949525  0
  -1383 6027.970157  0
  -1382 6027.990789  0
  -1381 6028.011421  0
  -1379 6028.052684  0
  -1378 6028.073316  0
  -1377 6028.093948  0
  -1376 6028.114580  0
  -1375 6028.135212  0
  -1279 6030.115869  0
  -1278 6030.136501  0
  -1160 6032.571059  0
  -1116 6033.478860  0
   -979 6036.305423  0
   -914 6037.646493  0
   -772 6040.576215  0
   -627 6043.567833  0
   -575 6044.640689  0
   -495 6046.291236  0
   -494 6046.311868  0
   -493 6046.332500  0
   -492 6046.353132  0
   -491 6046.373764  0
   -490 6046.394395  0
   -489 6046.415027  0
   -370 6048.870217  0
   -369 6048.890849  0
   -368 6048.911481  0
   -282 6050.685819  0
   -281 6050.706451  0
   -280 6050.727083  0
   -279 6050.747715  0
   -278 6050.768347  0
   -277 6050.788979  0
   -276 6050.809611  0
   -275 6050.830242  0
   -274 6050.850874  0
   -273 6050.871506  0
   -272 6050.892138  0
   -271 6050.912770  0
   -270 6050.933402  0
   -269 6050.954033  0
   -268 6050.974665  0
   -267 6050.995297  0
   -260 6051.139720  0
   -127 6053.883756  0
    -63 6055.204194  0
    -62 6055.224826  0
    -61 6055.245457  0
    -60 6055.266089  0
    -37 6055.740622  0
     91 6058.381498  0
    143 6059.454354  0
    249 6061.641330  0
    250 6061.661961  0
    392 6064.591684  0
    453 6065.850226  0
    570 6068.264152  0
    659 6070.100387  0
    660 6070.121018  0
    662 6070.162282  0
    663 6070.182914  0
    664 6070.203546  0
    665 6070.224178  0
    681 6070.554287  0
    682 6070.574919  0
    683 6070.595551  0
    692 6070.781237  0
    693 6070.801869  0
    694 6070.822501  0
    695 6070.843133  0
    696 6070.863765  0
    697 6070.884397  0
    780 6072.596840  0
    781 6072.617472  0
    782 6072.638104  0
    798 6072.968213  0
    799 6072.988845  0
    800 6073.009477  0
    801 6073.030109  0
    802 6073.050740  0
    803 6073.071372  0
    807 6073.153900  0
    808 6073.174532  0
    809 6073.195163  0
    810 6073.215795  0
    811 6073.236427  0
    813 6073.277691  0
    814 6073.298323  0
    815 6073.318954  0
    816 6073.339586  0
    842 6073.876014  0
    967 6076.454995  0
   1032 6077.796065  0
   1033 6077.816697  0
   1069 6078.559443  0
   1070 6078.580075  0
   1073 6078.641971  0
   1074 6078.662603  0
   1075 6078.683234  0
   1076 6078.703866  0
   1080 6078.786394  0
   1088 6078.951448  0
   1089 6078.972080  0
   1090 6078.992712  0
   1091 6079.013344  0
   1212 6081.509797  0
   1213 6081.530429  0
   1214 6081.551061  0
   1215 6081.571693  0
   1236 6082.004962  0
   1237 6082.025594  0
   1238 6082.046225  0
   1239 6082.066857  0
   1240 6082.087489  0
   1241 6082.108121  0
   1242 6082.128753  0
   1247 6082.231912  0
   1248 6082.252544  0
   1249 6082.273176  0
   1264 6082.582653  0
   1265 6082.603285  0
   1266 6082.623917  0
   1267 6082.644549  0
   1268 6082.665181  0
   1269 6082.685813  0
   1270 6082.706444  0
   1271 6082.727076  0
   1272 6082.747708  0
   1307 6083.469823  0
   1334 6084.026883  0
   1335 6084.047514  0
   1336 6084.068146  0
   1337 6084.088778  0
   1338 6084.109410  0
   1339 6084.130042  0
   1340 6084.150674  0
   1481 6087.059764  0
   1482 6087.080396  0
   1483 6087.101028  0
   1484 6087.121659  0
   1617 6089.865695  0
   1737 6092.341517  0
   1738 6092.362148  0
   1833 6094.322174  0
   1834 6094.342806  0
   1835 6094.363437  0
   1861 6094.899865  0
   1996 6097.685165  0
   2021 6098.200961  0
   2022 6098.221593  0
   2122 6100.284777  0
   2190 6101.687743  0
   2282 6103.585873  0
   2337 6104.720624  0
   2475 6107.567819  0
   2527 6108.640675  0
   2668 6111.549765  0
   2712 6112.457566  0
   2836 6115.015915  0
   2921 6116.769622  0
   3058 6119.596185  0
   3148 6121.453051  0
   3289 6124.362141  0
   3400 6126.652276  0
   3497 6128.653565  0
   3616 6131.108755  0
   3752 6133.914686  0
   3799 6134.884383  0
   3920 6137.380836  0
   3994 6138.907593  0
   4124 6141.589733  0
   4263 6144.457559  0
   4377 6146.809590  0
   4498 6149.306043  0
   4636 6152.153238  0
   4741 6154.319582  0
   4866 6156.898563  0
   4963 6158.899852  0
   5095 6161.623255  0
   5239 6164.594241  0
   5313 6166.120998  0
   5404 6167.998496  0
   5546 6170.928218  0
   5611 6172.269288  0
   5748 6175.095851  0
   5892 6178.066837  0
   5909 6178.417578  0
   5910 6178.438210  0
   5911 6178.458842  0
   5916 6178.562001  0
   5917 6178.582633  0
   5918 6178.603265  0
   5922 6178.685792  0
   5938 6179.015902  0
   5939 6179.036533  0
   5940 6179.057165  0
   5941 6179.077797  0
   5942 6179.098429  0
   5943 6179.119061  0
   5944 6179.139693  0
   5950 6179.263484  0
   5951 6179.284116  0
   5963 6179.531698  0
   5964 6179.552330  0
   5965 6179.572961  0
   5966 6179.593593  0
   5968 6179.634857  0
   5969 6179.655489  0
   5970 6179.676121  0
   5971 6179.696752  0
   5972 6179.717384  0
   5973 6179.738016  0
   5974 6179.758648  0
   5975 6179.779280  0
   5976 6179.799912  0
   5977 6179.820544  0
   5978 6179.841175  0
   5979 6179.861807  0
   5980 6179.882439  0
   5981 6179.903071  0