Fitted 14 CO2 reference lines
t = 1061199362.517918 min
Wavenumber    FSR     rms
6186.85449 3994.278   0.439
6189.02759 4099.655   1.609
6191.17064 4203.566   1.994
6193.28313 4306.017   0.636
6195.36586 4407.017   2.767
6197.41896 4506.575   4.416
6199.44237 4604.703   1.006
6201.43646 4701.408   4.952
6203.40140 4796.701  15.824
6205.33732 4890.571   1.658
6207.24442 4983.054   2.482
6209.12273 5074.143   3.491
6210.97244 5163.844   0.516
6212.79366 5252.160   1.504
FSR = 0.02062116 wvn
f(0) = 6104.48805 wvn
RMS residual = 0.00010 wvn
