Fitted 22 CO2 reference lines
t = 1061320099.289159 min
Wavenumber    FSR     rms
6044.35253 2393.654   0.305
6046.13042 2479.933   3.572
6047.89376 2565.507   1.719
6049.64298 2650.404   2.815
6051.37851 2734.623   0.172
6054.81003 2901.154   1.178
6056.50677 2983.500   0.410
6058.19127 3065.246   0.262
6059.86382 3146.415   0.193
6061.52470 3227.016   0.414
6063.17418 3307.063   0.181
6088.83434 4552.361   0.544
6090.29299 4623.146   0.196
6091.73949 4693.347   0.264
6093.17350 4762.941   0.214
6094.59467 4831.907   0.382
6096.00261 4900.235   0.406
6097.39693 4967.890   2.286
6098.77720 5034.881   0.669
6100.14297 5101.166   0.223
6101.49376 5166.716   0.185
6102.82909 5231.516   3.164
FSR = 0.0206058004 wvn
f(0) = 5995.029404 wvn
RMS residual = 0.000073 wvn
Fitted 22 CO2 reference lines
t = 1061320100.401432 min
Wavenumber    FSR     rms
6044.35253 2393.649   0.332
6046.13042 2479.929   3.560
6047.89376 2565.508   1.368
6049.64298 2650.401   2.693
6051.37851 2734.622   0.218
6054.81003 2901.155   1.187
6056.50677 2983.497   0.419
6058.19127 3065.245   0.232
6059.86382 3146.417   0.184
6061.52470 3227.018   0.276
6063.17418 3307.065   0.232
6088.83434 4552.359   0.455
6090.29299 4623.147   0.321
6091.73949 4693.348   0.212
6093.17350 4762.940   0.287
6094.59467 4831.906   0.312
6096.00261 4900.235   0.354
6097.39693 4967.892   2.252
6098.77720 5034.880   0.822
6100.14297 5101.167   0.172
6101.49376 5166.714   0.201
6102.82909 5231.517   3.196
FSR = 0.0206057894 wvn
f(0) = 5995.029455 wvn
RMS residual = 0.000062 wvn
Fitted 22 CO2 reference lines
t = 1061320101.520392 min
Wavenumber    FSR     rms
6044.35253 2393.646   0.370
6046.13042 2479.931   3.516
6047.89376 2565.507   1.140
6049.64298 2650.401   2.692
6051.37851 2734.619   0.172
6054.81003 2901.153   1.154
6056.50677 2983.494   0.390
6058.19127 3065.243   0.202
6059.86382 3146.413   0.184
6061.52470 3227.014   0.413
6063.17418 3307.063   0.146
6088.83434 4552.359   0.445
6090.29299 4623.147   0.290
6091.73949 4693.345   0.202
6093.17350 4762.935   0.215
6094.59467 4831.906   0.382
6096.00261 4900.233   0.292
6097.39693 4967.893   2.281
6098.77720 5034.880   0.717
6100.14297 5101.161   0.234
6101.49376 5166.715   0.202
6102.82909 5231.516   3.230
FSR = 0.0206057908 wvn
f(0) = 5995.029483 wvn
RMS residual = 0.000057 wvn
Fitted 22 CO2 reference lines
t = 1061320102.643590 min
Wavenumber    FSR     rms
6044.35253 2393.645   0.333
6046.13042 2479.925   3.615
6047.89376 2565.504   1.042
6049.64298 2650.401   2.761
6051.37851 2734.621   0.235
6054.81003 2901.154   1.176
6056.50677 2983.496   0.420
6058.19127 3065.245   0.224
6059.86382 3146.414   0.118
6061.52470 3227.014   0.354
6063.17418 3307.063   0.184
6088.83434 4552.358   0.381
6090.29299 4623.147   0.171
6091.73949 4693.346   0.137
6093.17350 4762.935   0.256
6094.59467 4831.905   0.332
6096.00261 4900.233   0.370
6097.39693 4967.893   2.356
6098.77720 5034.877   0.768
6100.14297 5101.163   0.178
6101.49376 5166.712   0.240
6102.82909 5231.513   3.283
FSR = 0.0206057895 wvn
f(0) = 5995.029498 wvn
RMS residual = 0.000070 wvn
Fitted 22 CO2 reference lines
t = 1061320103.755110 min
Wavenumber    FSR     rms
6044.35253 2393.647   0.298
6046.13042 2479.930   3.572
6047.89376 2565.505   1.072
6049.64298 2650.401   2.754
6051.37851 2734.621   0.279
6054.81003 2901.155   1.213
6056.50677 2983.495   0.441
6058.19127 3065.245   0.226
6059.86382 3146.412   0.202
6061.52470 3227.014   0.383
6063.17418 3307.062   0.243
6088.83434 4552.359   0.320
6090.29299 4623.145   0.197
6091.73949 4693.345   0.232
6093.17350 4762.933   0.238
6094.59467 4831.905   0.307
6096.00261 4900.232   0.336
6097.39693 4967.890   2.288
6098.77720 5034.880   0.767
6100.14297 5101.165   0.243
6101.49376 5166.710   0.214
6102.82909 5231.515   3.180
FSR = 0.0206057961 wvn
f(0) = 5995.029470 wvn
RMS residual = 0.000069 wvn
Fitted 22 CO2 reference lines
t = 1061320104.870491 min
Wavenumber    FSR     rms
6044.35253 2393.646   0.348
6046.13042 2479.926   3.613
6047.89376 2565.503   0.856
6049.64298 2650.396   2.842
6051.37851 2734.619   0.226
6054.81003 2901.153   1.163
6056.50677 2983.496   0.380
6058.19127 3065.242   0.184
6059.86382 3146.412   0.227
6061.52470 3227.013   0.371
6063.17418 3307.062   0.240
6088.83434 4552.358   0.379
6090.29299 4623.143   0.282
6091.73949 4693.342   0.314
6093.17350 4762.934   0.186
6094.59467 4831.903   0.222
6096.00261 4900.233   0.351
6097.39693 4967.892   2.228
6098.77720 5034.876   0.776
6100.14297 5101.162   0.166
6101.49376 5166.713   0.266
6102.82909 5231.515   3.277
FSR = 0.0206057857 wvn
f(0) = 5995.029537 wvn
RMS residual = 0.000052 wvn
