Fitted 23 CO2 reference lines
t = 1061199364.155302 min
Wavenumber    FSR     rms
6044.35253 2392.776   0.384
6046.13042 2478.996   3.408
6047.89376 2564.502   1.483
6049.64298 2649.333   2.475
6051.37851 2733.495   0.405
6054.81003 2899.902   1.411
6056.50677 2982.188   0.518
6058.19127 3063.871   0.292
6059.86382 3144.980   0.282
6061.52470 3225.525   0.420
6063.17418 3305.517   0.376
6088.83434 4549.880   0.463
6090.29299 4620.615   0.177
6091.73949 4690.765   0.271
6093.17350 4760.306   0.267
6094.59467 4829.225   0.285
6096.00261 4897.500   0.436
6097.39693 4965.116   2.518
6098.77720 5032.047   0.746
6100.14297 5098.277   0.160
6101.49376 5163.777   0.240
6102.82909 5228.531   3.080
6104.14843 5292.518   0.457
FSR = 0.02062111 wvn
f(0) = 5995.01080 wvn
RMS residual = 0.00007 wvn
