1
981
6251.65487 1 0 0 0 0
6251.65487 1 0 0 0 0
6251.67549 1 0 0 0 0
6251.69612 1 0 0 0 0
6251.71675 1 0 0 0 0
6251.73737 1 0 0 0 0
6251.75800 1 0 0 0 0
6251.77863 1 0 0 0 0
6251.79925 1 0 0 0 0
6251.81988 1 0 0 0 0
6251.84051 1 0 0 0 0
6251.81988 1 0 0 0 0
6251.79925 1 0 0 0 0
6251.77863 1 0 0 0 0
6251.75800 1 0 0 0 0
6251.73737 1 0 0 0 0
6251.71675 1 0 0 0 0
6251.69612 1 0 0 0 0
6251.67549 1 0 0 0 0
6251.65487 1 0 0 0 0
6251.65487 1 32768 0 0 0
6251.65487 2 4251 0 0 0
6251.67549 2 4251 0 0 0
6251.69612 2 4251 0 0 0
6251.71675 2 4251 0 0 0
6251.73737 4 4251 0 0 0
6251.75800 6 4251 0 0 0
6251.77863 4 4251 0 0 0
6251.79925 2 4251 0 0 0
6251.81988 2 4251 0 0 0
6251.84051 2 4251 0 0 0
6251.86113 2 4251 0 0 0
6251.84051 6 4251 0 0 0
6251.81988 2 4251 0 0 0
6251.79925 2 4251 0 0 0
6251.77863 4 4251 0 0 0
6251.75800 6 4251 0 0 0
6251.73737 4 4251 0 0 0
6251.71675 2 4251 0 0 0
6251.69612 2 4251 0 0 0
6251.67549 3 4251 0 0 0
6251.65487 2 4251 0 0 0
6251.65487 1 32923 0 0 0
6251.67549 1 105 0 0 0
6251.69612 2 105 0 0 0
6251.73737 1 105 0 0 0
6251.75800 7 105 0 0 0
6251.77863 2 105 0 0 0
6251.81988 1 105 0 0 0
6251.84051 3 105 0 0 0
6251.81988 2 105 0 0 0
6251.77863 1 105 0 0 0
6251.75800 7 105 0 0 0
6251.73737 2 105 0 0 0
6251.69612 1 105 0 0 0
6251.67549 1 105 0 0 0
6251.67549 1 32873 0 0 0
6251.39701 10 106 1 0 0
6251.37638 1 106 1 0 0
6251.35575 2 106 1 0 0
6251.33513 5 106 1 0 0
6251.31450 22 106 1 0 0
6251.29387 5 106 1 0 0
6251.27325 1 106 1 0 0
6251.25262 2 106 1 0 0
6251.23199 20 106 1 0 0
6251.25262 1 106 1 0 0
6251.27325 2 106 1 0 0
6251.29387 5 106 1 0 0
6251.31450 22 106 1 0 0
6251.33513 5 106 1 0 0
6251.35575 1 106 1 0 0
6251.37638 2 106 1 0 0
6251.39701 9 106 1 0 0
6251.39701 1 32874  1 0 0
6251.67549 1 105 0 0 0
6251.69612 2 105 0 0 0
6251.73737 1 105 0 0 0
6251.75800 7 105 0 0 0
6251.77863 2 105 0 0 0
6251.81988 1 105 0 0 0
6251.84051 3 105 0 0 0
6251.81988 2 105 0 0 0
6251.77863 1 105 0 0 0
6251.75800 7 105 0 0 0
6251.73737 2 105 0 0 0
6251.69612 1 105 0 0 0
6251.67549 1 105 0 0 0
6251.67549 1 32873 0 0 0
6251.39701 10 106 1 0 0
6251.37638 1 106 1 0 0
6251.35575 2 106 1 0 0
6251.33513 5 106 1 0 0
6251.31450 22 106 1 0 0
6251.29387 5 106 1 0 0
6251.27325 1 106 1 0 0
6251.25262 2 106 1 0 0
6251.23199 20 106 1 0 0
6251.25262 1 106 1 0 0
6251.27325 2 106 1 0 0
6251.29387 5 106 1 0 0
6251.31450 22 106 1 0 0
6251.33513 5 106 1 0 0
6251.35575 1 106 1 0 0
6251.37638 2 106 1 0 0
6251.39701 9 106 1 0 0
6251.39701 1 32874  1 0 0
6251.67549 1 105 0 0 0
6251.69612 2 105 0 0 0
6251.73737 1 105 0 0 0
6251.75800 7 105 0 0 0
6251.77863 2 105 0 0 0
6251.81988 1 105 0 0 0
6251.84051 3 105 0 0 0
6251.81988 2 105 0 0 0
6251.77863 1 105 0 0 0
6251.75800 7 105 0 0 0
6251.73737 2 105 0 0 0
6251.69612 1 105 0 0 0
6251.67549 1 105 0 0 0
6251.67549 1 32873 0 0 0
6251.39701 10 106 1 0 0
6251.37638 1 106 1 0 0
6251.35575 2 106 1 0 0
6251.33513 5 106 1 0 0
6251.31450 22 106 1 0 0
6251.29387 5 106 1 0 0
6251.27325 1 106 1 0 0
6251.25262 2 106 1 0 0
6251.23199 20 106 1 0 0
6251.25262 1 106 1 0 0
6251.27325 2 106 1 0 0
6251.29387 5 106 1 0 0
6251.31450 22 106 1 0 0
6251.33513 5 106 1 0 0
6251.35575 1 106 1 0 0
6251.37638 2 106 1 0 0
6251.39701 9 106 1 0 0
6251.39701 1 32874  1 0 0
6251.67549 1 105 0 0 0
6251.69612 2 105 0 0 0
6251.73737 1 105 0 0 0
6251.75800 7 105 0 0 0
6251.77863 2 105 0 0 0
6251.81988 1 105 0 0 0
6251.84051 3 105 0 0 0
6251.81988 2 105 0 0 0
6251.77863 1 105 0 0 0
6251.75800 7 105 0 0 0
6251.73737 2 105 0 0 0
6251.69612 1 105 0 0 0
6251.67549 1 105 0 0 0
6251.67549 1 32873 0 0 0
6251.39701 10 106 1 0 0
6251.37638 1 106 1 0 0
6251.35575 2 106 1 0 0
6251.33513 5 106 1 0 0
6251.31450 22 106 1 0 0
6251.29387 5 106 1 0 0
6251.27325 1 106 1 0 0
6251.25262 2 106 1 0 0
6251.23199 20 106 1 0 0
6251.25262 1 106 1 0 0
6251.27325 2 106 1 0 0
6251.29387 5 106 1 0 0
6251.31450 22 106 1 0 0
6251.33513 5 106 1 0 0
6251.35575 1 106 1 0 0
6251.37638 2 106 1 0 0
6251.39701 9 106 1 0 0
6251.39701 1 32874  1 0 0
6251.67549 1 105 0 0 0
6251.69612 2 105 0 0 0
6251.73737 1 105 0 0 0
6251.75800 7 105 0 0 0
6251.77863 2 105 0 0 0
6251.81988 1 105 0 0 0
6251.84051 3 105 0 0 0
6251.81988 2 105 0 0 0
6251.77863 1 105 0 0 0
6251.75800 7 105 0 0 0
6251.73737 2 105 0 0 0
6251.69612 1 105 0 0 0
6251.67549 1 105 0 0 0
6251.67549 1 32873 0 0 0
6251.39701 10 106 1 0 0
6251.37638 1 106 1 0 0
6251.35575 2 106 1 0 0
6251.33513 5 106 1 0 0
6251.31450 22 106 1 0 0
6251.29387 5 106 1 0 0
6251.27325 1 106 1 0 0
6251.25262 2 106 1 0 0
6251.23199 20 106 1 0 0
6251.25262 1 106 1 0 0
6251.27325 2 106 1 0 0
6251.29387 5 106 1 0 0
6251.31450 22 106 1 0 0
6251.33513 5 106 1 0 0
6251.35575 1 106 1 0 0
6251.37638 2 106 1 0 0
6251.39701 9 106 1 0 0
6251.39701 1 32874  1 0 0
6251.67549 1 105 0 0 0
6251.69612 2 105 0 0 0
6251.73737 1 105 0 0 0
6251.75800 7 105 0 0 0
6251.77863 2 105 0 0 0
6251.81988 1 105 0 0 0
6251.84051 3 105 0 0 0
6251.81988 2 105 0 0 0
6251.77863 1 105 0 0 0
6251.75800 7 105 0 0 0
6251.73737 2 105 0 0 0
6251.69612 1 105 0 0 0
6251.67549 1 105 0 0 0
6251.67549 1 32873 0 0 0
6251.39701 10 106 1 0 0
6251.37638 1 106 1 0 0
6251.35575 2 106 1 0 0
6251.33513 5 106 1 0 0
6251.31450 22 106 1 0 0
6251.29387 5 106 1 0 0
6251.27325 1 106 1 0 0
6251.25262 2 106 1 0 0
6251.23199 20 106 1 0 0
6251.25262 1 106 1 0 0
6251.27325 2 106 1 0 0
6251.29387 5 106 1 0 0
6251.31450 22 106 1 0 0
6251.33513 5 106 1 0 0
6251.35575 1 106 1 0 0
6251.37638 2 106 1 0 0
6251.39701 9 106 1 0 0
6251.39701 1 32874  1 0 0
6251.67549 1 105 0 0 0
6251.69612 2 105 0 0 0
6251.73737 1 105 0 0 0
6251.75800 7 105 0 0 0
6251.77863 2 105 0 0 0
6251.81988 1 105 0 0 0
6251.84051 3 105 0 0 0
6251.81988 2 105 0 0 0
6251.77863 1 105 0 0 0
6251.75800 7 105 0 0 0
6251.73737 2 105 0 0 0
6251.69612 1 105 0 0 0
6251.67549 1 105 0 0 0
6251.67549 1 32873 0 0 0
6251.39701 10 106 1 0 0
6251.37638 1 106 1 0 0
6251.35575 2 106 1 0 0
6251.33513 5 106 1 0 0
6251.31450 22 106 1 0 0
6251.29387 5 106 1 0 0
6251.27325 1 106 1 0 0
6251.25262 2 106 1 0 0
6251.23199 20 106 1 0 0
6251.25262 1 106 1 0 0
6251.27325 2 106 1 0 0
6251.29387 5 106 1 0 0
6251.31450 22 106 1 0 0
6251.33513 5 106 1 0 0
6251.35575 1 106 1 0 0
6251.37638 2 106 1 0 0
6251.39701 9 106 1 0 0
6251.39701 1 32874  1 0 0
6251.67549 1 105 0 0 0
6251.69612 2 105 0 0 0
6251.73737 1 105 0 0 0
6251.75800 7 105 0 0 0
6251.77863 2 105 0 0 0
6251.81988 1 105 0 0 0
6251.84051 3 105 0 0 0
6251.81988 2 105 0 0 0
6251.77863 1 105 0 0 0
6251.75800 7 105 0 0 0
6251.73737 2 105 0 0 0
6251.69612 1 105 0 0 0
6251.67549 1 105 0 0 0
6251.67549 1 32873 0 0 0
6251.39701 10 106 1 0 0
6251.37638 1 106 1 0 0
6251.35575 2 106 1 0 0
6251.33513 5 106 1 0 0
6251.31450 22 106 1 0 0
6251.29387 5 106 1 0 0
6251.27325 1 106 1 0 0
6251.25262 2 106 1 0 0
6251.23199 20 106 1 0 0
6251.25262 1 106 1 0 0
6251.27325 2 106 1 0 0
6251.29387 5 106 1 0 0
6251.31450 22 106 1 0 0
6251.33513 5 106 1 0 0
6251.35575 1 106 1 0 0
6251.37638 2 106 1 0 0
6251.39701 9 106 1 0 0
6251.39701 1 32874  1 0 0
6251.67549 1 105 0 0 0
6251.69612 2 105 0 0 0
6251.73737 1 105 0 0 0
6251.75800 7 105 0 0 0
6251.77863 2 105 0 0 0
6251.81988 1 105 0 0 0
6251.84051 3 105 0 0 0
6251.81988 2 105 0 0 0
6251.77863 1 105 0 0 0
6251.75800 7 105 0 0 0
6251.73737 2 105 0 0 0
6251.69612 1 105 0 0 0
6251.67549 1 105 0 0 0
6251.67549 1 32873 0 0 0
6251.39701 10 106 1 0 0
6251.37638 1 106 1 0 0
6251.35575 2 106 1 0 0
6251.33513 5 106 1 0 0
6251.31450 22 106 1 0 0
6251.29387 5 106 1 0 0
6251.27325 1 106 1 0 0
6251.25262 2 106 1 0 0
6251.23199 20 106 1 0 0
6251.25262 1 106 1 0 0
6251.27325 2 106 1 0 0
6251.29387 5 106 1 0 0
6251.31450 22 106 1 0 0
6251.33513 5 106 1 0 0
6251.35575 1 106 1 0 0
6251.37638 2 106 1 0 0
6251.39701 9 106 1 0 0
6251.39701 1 32874  1 0 0
6251.67549 1 105 0 0 0
6251.69612 2 105 0 0 0
6251.73737 1 105 0 0 0
6251.75800 7 105 0 0 0
6251.77863 2 105 0 0 0
6251.81988 1 105 0 0 0
6251.84051 3 105 0 0 0
6251.81988 2 105 0 0 0
6251.77863 1 105 0 0 0
6251.75800 7 105 0 0 0
6251.73737 2 105 0 0 0
6251.69612 1 105 0 0 0
6251.67549 1 105 0 0 0
6251.67549 1 32873 0 0 0
6251.39701 10 106 1 0 0
6251.37638 1 106 1 0 0
6251.35575 2 106 1 0 0
6251.33513 5 106 1 0 0
6251.31450 22 106 1 0 0
6251.29387 5 106 1 0 0
6251.27325 1 106 1 0 0
6251.25262 2 106 1 0 0
6251.23199 20 106 1 0 0
6251.25262 1 106 1 0 0
6251.27325 2 106 1 0 0
6251.29387 5 106 1 0 0
6251.31450 22 106 1 0 0
6251.33513 5 106 1 0 0
6251.35575 1 106 1 0 0
6251.37638 2 106 1 0 0
6251.39701 9 106 1 0 0
6251.39701 1 32874  1 0 0
6251.67549 1 105 0 0 0
6251.69612 2 105 0 0 0
6251.73737 1 105 0 0 0
6251.75800 7 105 0 0 0
6251.77863 2 105 0 0 0
6251.81988 1 105 0 0 0
6251.84051 3 105 0 0 0
6251.81988 2 105 0 0 0
6251.77863 1 105 0 0 0
6251.75800 7 105 0 0 0
6251.73737 2 105 0 0 0
6251.69612 1 105 0 0 0
6251.67549 1 105 0 0 0
6251.67549 1 32873 0 0 0
6251.39701 10 106 1 0 0
6251.37638 1 106 1 0 0
6251.35575 2 106 1 0 0
6251.33513 5 106 1 0 0
6251.31450 22 106 1 0 0
6251.29387 5 106 1 0 0
6251.27325 1 106 1 0 0
6251.25262 2 106 1 0 0
6251.23199 20 106 1 0 0
6251.25262 1 106 1 0 0
6251.27325 2 106 1 0 0
6251.29387 5 106 1 0 0
6251.31450 22 106 1 0 0
6251.33513 5 106 1 0 0
6251.35575 1 106 1 0 0
6251.37638 2 106 1 0 0
6251.39701 9 106 1 0 0
6251.39701 1 32874  1 0 0
6251.67549 1 105 0 0 0
6251.69612 2 105 0 0 0
6251.73737 1 105 0 0 0
6251.75800 7 105 0 0 0
6251.77863 2 105 0 0 0
6251.81988 1 105 0 0 0
6251.84051 3 105 0 0 0
6251.81988 2 105 0 0 0
6251.77863 1 105 0 0 0
6251.75800 7 105 0 0 0
6251.73737 2 105 0 0 0
6251.69612 1 105 0 0 0
6251.67549 1 105 0 0 0
6251.67549 1 32873 0 0 0
6251.39701 10 106 1 0 0
6251.37638 1 106 1 0 0
6251.35575 2 106 1 0 0
6251.33513 5 106 1 0 0
6251.31450 22 106 1 0 0
6251.29387 5 106 1 0 0
6251.27325 1 106 1 0 0
6251.25262 2 106 1 0 0
6251.23199 20 106 1 0 0
6251.25262 1 106 1 0 0
6251.27325 2 106 1 0 0
6251.29387 5 106 1 0 0
6251.31450 22 106 1 0 0
6251.33513 5 106 1 0 0
6251.35575 1 106 1 0 0
6251.37638 2 106 1 0 0
6251.39701 9 106 1 0 0
6251.39701 1 32874  1 0 0
6251.67549 1 105 0 0 0
6251.69612 2 105 0 0 0
6251.73737 1 105 0 0 0
6251.75800 7 105 0 0 0
6251.77863 2 105 0 0 0
6251.81988 1 105 0 0 0
6251.84051 3 105 0 0 0
6251.81988 2 105 0 0 0
6251.77863 1 105 0 0 0
6251.75800 7 105 0 0 0
6251.73737 2 105 0 0 0
6251.69612 1 105 0 0 0
6251.67549 1 105 0 0 0
6251.67549 1 32873 0 0 0
6251.39701 10 106 1 0 0
6251.37638 1 106 1 0 0
6251.35575 2 106 1 0 0
6251.33513 5 106 1 0 0
6251.31450 22 106 1 0 0
6251.29387 5 106 1 0 0
6251.27325 1 106 1 0 0
6251.25262 2 106 1 0 0
6251.23199 20 106 1 0 0
6251.25262 1 106 1 0 0
6251.27325 2 106 1 0 0
6251.29387 5 106 1 0 0
6251.31450 22 106 1 0 0
6251.33513 5 106 1 0 0
6251.35575 1 106 1 0 0
6251.37638 2 106 1 0 0
6251.39701 9 106 1 0 0
6251.39701 1 32874  1 0 0
6251.67549 1 105 0 0 0
6251.69612 2 105 0 0 0
6251.73737 1 105 0 0 0
6251.75800 7 105 0 0 0
6251.77863 2 105 0 0 0
6251.81988 1 105 0 0 0
6251.84051 3 105 0 0 0
6251.81988 2 105 0 0 0
6251.77863 1 105 0 0 0
6251.75800 7 105 0 0 0
6251.73737 2 105 0 0 0
6251.69612 1 105 0 0 0
6251.67549 1 105 0 0 0
6251.67549 1 32873 0 0 0
6251.39701 10 106 1 0 0
6251.37638 1 106 1 0 0
6251.35575 2 106 1 0 0
6251.33513 5 106 1 0 0
6251.31450 22 106 1 0 0
6251.29387 5 106 1 0 0
6251.27325 1 106 1 0 0
6251.25262 2 106 1 0 0
6251.23199 20 106 1 0 0
6251.25262 1 106 1 0 0
6251.27325 2 106 1 0 0
6251.29387 5 106 1 0 0
6251.31450 22 106 1 0 0
6251.33513 5 106 1 0 0
6251.35575 1 106 1 0 0
6251.37638 2 106 1 0 0
6251.39701 9 106 1 0 0
6251.39701 1 32874  1 0 0
6251.67549 1 105 0 0 0
6251.69612 2 105 0 0 0
6251.73737 1 105 0 0 0
6251.75800 7 105 0 0 0
6251.77863 2 105 0 0 0
6251.81988 1 105 0 0 0
6251.84051 3 105 0 0 0
6251.81988 2 105 0 0 0
6251.77863 1 105 0 0 0
6251.75800 7 105 0 0 0
6251.73737 2 105 0 0 0
6251.69612 1 105 0 0 0
6251.67549 1 105 0 0 0
6251.67549 1 32873 0 0 0
6251.39701 10 106 1 0 0
6251.37638 1 106 1 0 0
6251.35575 2 106 1 0 0
6251.33513 5 106 1 0 0
6251.31450 22 106 1 0 0
6251.29387 5 106 1 0 0
6251.27325 1 106 1 0 0
6251.25262 2 106 1 0 0
6251.23199 20 106 1 0 0
6251.25262 1 106 1 0 0
6251.27325 2 106 1 0 0
6251.29387 5 106 1 0 0
6251.31450 22 106 1 0 0
6251.33513 5 106 1 0 0
6251.35575 1 106 1 0 0
6251.37638 2 106 1 0 0
6251.39701 9 106 1 0 0
6251.39701 1 32874  1 0 0
6251.67549 1 105 0 0 0
6251.69612 2 105 0 0 0
6251.73737 1 105 0 0 0
6251.75800 7 105 0 0 0
6251.77863 2 105 0 0 0
6251.81988 1 105 0 0 0
6251.84051 3 105 0 0 0
6251.81988 2 105 0 0 0
6251.77863 1 105 0 0 0
6251.75800 7 105 0 0 0
6251.73737 2 105 0 0 0
6251.69612 1 105 0 0 0
6251.67549 1 105 0 0 0
6251.67549 1 32873 0 0 0
6251.39701 10 106 1 0 0
6251.37638 1 106 1 0 0
6251.35575 2 106 1 0 0
6251.33513 5 106 1 0 0
6251.31450 22 106 1 0 0
6251.29387 5 106 1 0 0
6251.27325 1 106 1 0 0
6251.25262 2 106 1 0 0
6251.23199 20 106 1 0 0
6251.25262 1 106 1 0 0
6251.27325 2 106 1 0 0
6251.29387 5 106 1 0 0
6251.31450 22 106 1 0 0
6251.33513 5 106 1 0 0
6251.35575 1 106 1 0 0
6251.37638 2 106 1 0 0
6251.39701 9 106 1 0 0
6251.39701 1 32874  1 0 0
6251.67549 1 105 0 0 0
6251.69612 2 105 0 0 0
6251.73737 1 105 0 0 0
6251.75800 7 105 0 0 0
6251.77863 2 105 0 0 0
6251.81988 1 105 0 0 0
6251.84051 3 105 0 0 0
6251.81988 2 105 0 0 0
6251.77863 1 105 0 0 0
6251.75800 7 105 0 0 0
6251.73737 2 105 0 0 0
6251.69612 1 105 0 0 0
6251.67549 1 105 0 0 0
6251.67549 1 32873 0 0 0
6251.39701 10 106 1 0 0
6251.37638 1 106 1 0 0
6251.35575 2 106 1 0 0
6251.33513 5 106 1 0 0
6251.31450 22 106 1 0 0
6251.29387 5 106 1 0 0
6251.27325 1 106 1 0 0
6251.25262 2 106 1 0 0
6251.23199 20 106 1 0 0
6251.25262 1 106 1 0 0
6251.27325 2 106 1 0 0
6251.29387 5 106 1 0 0
6251.31450 22 106 1 0 0
6251.33513 5 106 1 0 0
6251.35575 1 106 1 0 0
6251.37638 2 106 1 0 0
6251.39701 9 106 1 0 0
6251.39701 1 32874  1 0 0
6251.67549 1 105 0 0 0
6251.69612 2 105 0 0 0
6251.73737 1 105 0 0 0
6251.75800 7 105 0 0 0
6251.77863 2 105 0 0 0
6251.81988 1 105 0 0 0
6251.84051 3 105 0 0 0
6251.81988 2 105 0 0 0
6251.77863 1 105 0 0 0
6251.75800 7 105 0 0 0
6251.73737 2 105 0 0 0
6251.69612 1 105 0 0 0
6251.67549 1 105 0 0 0
6251.67549 1 32873 0 0 0
6251.39701 10 106 1 0 0
6251.37638 1 106 1 0 0
6251.35575 2 106 1 0 0
6251.33513 5 106 1 0 0
6251.31450 22 106 1 0 0
6251.29387 5 106 1 0 0
6251.27325 1 106 1 0 0
6251.25262 2 106 1 0 0
6251.23199 20 106 1 0 0
6251.25262 1 106 1 0 0
6251.27325 2 106 1 0 0
6251.29387 5 106 1 0 0
6251.31450 22 106 1 0 0
6251.33513 5 106 1 0 0
6251.35575 1 106 1 0 0
6251.37638 2 106 1 0 0
6251.39701 9 106 1 0 0
6251.39701 1 32874  1 0 0
6251.67549 1 105 0 0 0
6251.69612 2 105 0 0 0
6251.73737 1 105 0 0 0
6251.75800 7 105 0 0 0
6251.77863 2 105 0 0 0
6251.81988 1 105 0 0 0
6251.84051 3 105 0 0 0
6251.81988 2 105 0 0 0
6251.77863 1 105 0 0 0
6251.75800 7 105 0 0 0
6251.73737 2 105 0 0 0
6251.69612 1 105 0 0 0
6251.67549 1 105 0 0 0
6251.67549 1 32873 0 0 0
6251.39701 10 106 1 0 0
6251.37638 1 106 1 0 0
6251.35575 2 106 1 0 0
6251.33513 5 106 1 0 0
6251.31450 22 106 1 0 0
6251.29387 5 106 1 0 0
6251.27325 1 106 1 0 0
6251.25262 2 106 1 0 0
6251.23199 20 106 1 0 0
6251.25262 1 106 1 0 0
6251.27325 2 106 1 0 0
6251.29387 5 106 1 0 0
6251.31450 22 106 1 0 0
6251.33513 5 106 1 0 0
6251.35575 1 106 1 0 0
6251.37638 2 106 1 0 0
6251.39701 9 106 1 0 0
6251.39701 1 32874  1 0 0
6251.67549 1 105 0 0 0
6251.69612 2 105 0 0 0
6251.73737 1 105 0 0 0
6251.75800 7 105 0 0 0
6251.77863 2 105 0 0 0
6251.81988 1 105 0 0 0
6251.84051 3 105 0 0 0
6251.81988 2 105 0 0 0
6251.77863 1 105 0 0 0
6251.75800 7 105 0 0 0
6251.73737 2 105 0 0 0
6251.69612 1 105 0 0 0
6251.67549 1 105 0 0 0
6251.67549 1 32873 0 0 0
6251.39701 10 106 1 0 0
6251.37638 1 106 1 0 0
6251.35575 2 106 1 0 0
6251.33513 5 106 1 0 0
6251.31450 22 106 1 0 0
6251.29387 5 106 1 0 0
6251.27325 1 106 1 0 0
6251.25262 2 106 1 0 0
6251.23199 20 106 1 0 0
6251.25262 1 106 1 0 0
6251.27325 2 106 1 0 0
6251.29387 5 106 1 0 0
6251.31450 22 106 1 0 0
6251.33513 5 106 1 0 0
6251.35575 1 106 1 0 0
6251.37638 2 106 1 0 0
6251.39701 9 106 1 0 0
6251.39701 1 32874  1 0 0
6251.67549 1 105 0 0 0
6251.69612 2 105 0 0 0
6251.73737 1 105 0 0 0
6251.75800 7 105 0 0 0
6251.77863 2 105 0 0 0
6251.81988 1 105 0 0 0
6251.84051 3 105 0 0 0
6251.81988 2 105 0 0 0
6251.77863 1 105 0 0 0
6251.75800 7 105 0 0 0
6251.73737 2 105 0 0 0
6251.69612 1 105 0 0 0
6251.67549 1 105 0 0 0
6251.67549 1 32873 0 0 0
6251.39701 10 106 1 0 0
6251.37638 1 106 1 0 0
6251.35575 2 106 1 0 0
6251.33513 5 106 1 0 0
6251.31450 22 106 1 0 0
6251.29387 5 106 1 0 0
6251.27325 1 106 1 0 0
6251.25262 2 106 1 0 0
6251.23199 20 106 1 0 0
6251.25262 1 106 1 0 0
6251.27325 2 106 1 0 0
6251.29387 5 106 1 0 0
6251.31450 22 106 1 0 0
6251.33513 5 106 1 0 0
6251.35575 1 106 1 0 0
6251.37638 2 106 1 0 0
6251.39701 9 106 1 0 0
6251.39701 1 32874  1 0 0
6251.67549 1 105 0 0 0
6251.69612 2 105 0 0 0
6251.73737 1 105 0 0 0
6251.75800 7 105 0 0 0
6251.77863 2 105 0 0 0
6251.81988 1 105 0 0 0
6251.84051 3 105 0 0 0
6251.81988 2 105 0 0 0
6251.77863 1 105 0 0 0
6251.75800 7 105 0 0 0
6251.73737 2 105 0 0 0
6251.69612 1 105 0 0 0
6251.67549 1 105 0 0 0
6251.67549 1 32873 0 0 0
6251.39701 10 106 1 0 0
6251.37638 1 106 1 0 0
6251.35575 2 106 1 0 0
6251.33513 5 106 1 0 0
6251.31450 22 106 1 0 0
6251.29387 5 106 1 0 0
6251.27325 1 106 1 0 0
6251.25262 2 106 1 0 0
6251.23199 20 106 1 0 0
6251.25262 1 106 1 0 0
6251.27325 2 106 1 0 0
6251.29387 5 106 1 0 0
6251.31450 22 106 1 0 0
6251.33513 5 106 1 0 0
6251.35575 1 106 1 0 0
6251.37638 2 106 1 0 0
6251.39701 9 106 1 0 0
6251.39701 1 32874  1 0 0
6251.67549 1 105 0 0 0
6251.69612 2 105 0 0 0
6251.73737 1 105 0 0 0
6251.75800 7 105 0 0 0
6251.77863 2 105 0 0 0
6251.81988 1 105 0 0 0
6251.84051 3 105 0 0 0
6251.81988 2 105 0 0 0
6251.77863 1 105 0 0 0
6251.75800 7 105 0 0 0
6251.73737 2 105 0 0 0
6251.69612 1 105 0 0 0
6251.67549 1 105 0 0 0
6251.67549 1 32873 0 0 0
6251.39701 10 106 1 0 0
6251.37638 1 106 1 0 0
6251.35575 2 106 1 0 0
6251.33513 5 106 1 0 0
6251.31450 22 106 1 0 0
6251.29387 5 106 1 0 0
6251.27325 1 106 1 0 0
6251.25262 2 106 1 0 0
6251.23199 20 106 1 0 0
6251.25262 1 106 1 0 0
6251.27325 2 106 1 0 0
6251.29387 5 106 1 0 0
6251.31450 22 106 1 0 0
6251.33513 5 106 1 0 0
6251.35575 1 106 1 0 0
6251.37638 2 106 1 0 0
6251.39701 9 106 1 0 0
6251.39701 1 32874  1 0 0
6251.67549 1 105 0 0 0
6251.69612 2 105 0 0 0
6251.73737 1 105 0 0 0
6251.75800 7 105 0 0 0
6251.77863 2 105 0 0 0
6251.81988 1 105 0 0 0
6251.84051 3 105 0 0 0
6251.81988 2 105 0 0 0
6251.77863 1 105 0 0 0
6251.75800 7 105 0 0 0
6251.73737 2 105 0 0 0
6251.69612 1 105 0 0 0
6251.67549 1 105 0 0 0
6251.67549 1 32873 0 0 0
6251.39701 10 106 1 0 0
6251.37638 1 106 1 0 0
6251.35575 2 106 1 0 0
6251.33513 5 106 1 0 0
6251.31450 22 106 1 0 0
6251.29387 5 106 1 0 0
6251.27325 1 106 1 0 0
6251.25262 2 106 1 0 0
6251.23199 20 106 1 0 0
6251.25262 1 106 1 0 0
6251.27325 2 106 1 0 0
6251.29387 5 106 1 0 0
6251.31450 22 106 1 0 0
6251.33513 5 106 1 0 0
6251.35575 1 106 1 0 0
6251.37638 2 106 1 0 0
6251.39701 9 106 1 0 0
6251.39701 1 32874  1 0 0
6251.67549 1 105 0 0 0
6251.69612 2 105 0 0 0
6251.73737 1 105 0 0 0
6251.75800 7 105 0 0 0
6251.77863 2 105 0 0 0
6251.81988 1 105 0 0 0
6251.84051 3 105 0 0 0
6251.81988 2 105 0 0 0
6251.77863 1 105 0 0 0
6251.75800 7 105 0 0 0
6251.73737 2 105 0 0 0
6251.69612 1 105 0 0 0
6251.67549 1 105 0 0 0
6251.67549 1 32873 0 0 0
6251.39701 10 106 1 0 0
6251.37638 1 106 1 0 0
6251.35575 2 106 1 0 0
6251.33513 5 106 1 0 0
6251.31450 22 106 1 0 0
6251.29387 5 106 1 0 0
6251.27325 1 106 1 0 0
6251.25262 2 106 1 0 0
6251.23199 20 106 1 0 0
6251.25262 1 106 1 0 0
6251.27325 2 106 1 0 0
6251.29387 5 106 1 0 0
6251.31450 22 106 1 0 0
6251.33513 5 106 1 0 0
6251.35575 1 106 1 0 0
6251.37638 2 106 1 0 0
6251.39701 9 106 1 0 0
6251.39701 1 32874  1 0 0
6251.67549 1 105 0 0 0
6251.69612 2 105 0 0 0
6251.73737 1 105 0 0 0
6251.75800 7 105 0 0 0
6251.77863 2 105 0 0 0
6251.81988 1 105 0 0 0
6251.84051 3 105 0 0 0
6251.81988 2 105 0 0 0
6251.77863 1 105 0 0 0
6251.75800 7 105 0 0 0
6251.73737 2 105 0 0 0
6251.69612 1 105 0 0 0
6251.67549 1 105 0 0 0
6251.67549 1 32873 0 0 0
6251.39701 10 106 1 0 0
6251.37638 1 106 1 0 0
6251.35575 2 106 1 0 0
6251.33513 5 106 1 0 0
6251.31450 22 106 1 0 0
6251.29387 5 106 1 0 0
6251.27325 1 106 1 0 0
6251.25262 2 106 1 0 0
6251.23199 20 106 1 0 0
6251.25262 1 106 1 0 0
6251.27325 2 106 1 0 0
6251.29387 5 106 1 0 0
6251.31450 22 106 1 0 0
6251.33513 5 106 1 0 0
6251.35575 1 106 1 0 0
6251.37638 2 106 1 0 0
6251.39701 9 106 1 0 0
6251.39701 1 32874  1 0 0
6251.41763 2 156 1 0 0
6251.41763 2 156 1 0 0
6251.39701 2 156 1 0 0
6251.37638 2 156 1 0 0
6251.35575 2 156 1 0 0
6251.33513 2 156 1 0 0
6251.31450 2 156 1 0 0
6251.29387 2 156 1 0 0
6251.27325 2 156 1 0 0
6251.25262 2 156 1 0 0
6251.23199 2 156 1 0 0
6251.21137 4 4252 1 0 0
6251.23199 4 4252 1 0 0
6251.25262 4 4252 1 0 0
6251.27325 4 4252 1 0 0
6251.29387 4 4252 1 0 0
6251.31450 4 4252 1 0 0
6251.33513 4 4252 1 0 0
6251.35575 4 4252 1 0 0
6251.37638 4 4252 1 0 0
6251.39701 4 4252 1 0 0
6251.41763 4 4252 1 0 0
6251.41763 1 32924 1 0 0
6250.52387 2 109 0 0 0
6250.50330 2 109 0 0 0
6250.48272 2 109 0 0 0
6250.46215 2 109 0 0 0
6250.44157 5 109 0 0 0
6250.42100 15 109 0 0 0
6250.40043 5 109 0 0 0
6250.37985 2 109 0 0 0
6250.35928 2 109 0 0 0
6250.33870 2 109 0 0 0
6250.31813 10 109 0 0 0
6250.29756 2 109 0 0 0
6250.27698 4 109 0 0 0
6250.25641 2 109 0 0 0
6250.23583 2 109 0 0 0
6250.21526 2 109 0 0 0
6250.19469 10 109 0 0 0
6250.21526 2 109 0 0 0
6250.23583 2 109 0 0 0
6250.25641 2 109 0 0 0
6250.27698 4 109 0 0 0
6250.29756 2 109 0 0 0
6250.31813 10 109 0 0 0
6250.33870 2 109 0 0 0
6250.35928 2 109 0 0 0
6250.37985 2 109 0 0 0
6250.40043 5 109 0 0 0
6250.42100 15 109 0 0 0
6250.44157 5 109 0 0 0
6250.46215 2 109 0 0 0
6250.48272 2 109 0 0 0
6250.50330 2 109 0 0 0
6250.52387 2 109 0 0 0
6250.55297 2 109 0 0
6250.57360 2 109 0 0
6250.59422 2 109 0 0
6250.61485 2 109 0 0
6250.63547 6 109 0 0
6250.65610 6 109 0 0
6250.67673 6 109 0 0
6250.69735 6 109 0 0
6250.71798 10 109 0 0
6250.73860 10 109 0 0
6250.75923 6 109 0 0
6250.77986 6 109 0 0
6250.80048 6 109 0 0
6250.82111 6 109 0 0
6250.84173 6 109 0 0
6250.86236 6 109 0 0
6250.88299 6 109 0 0
6250.90361 6 109 0 0
6250.92424 6 109 0 0
6250.94486 80 109 0 0
6250.96549 6 109 0 0
6250.98612 6 109 0 0
6251.00674 6 109 0 0
6251.02737 6 109 0 0
6251.04799 6 109 0 0
6251.06862 6 109 0 0
6251.08925 6 109 0 0
6251.10987 6 109 0 0
6251.13050 6 109 0 0
6251.15112 6 109 0 0
6251.17175 2 109 0 0
6251.19238 2 109 0 0
6251.21300 2 109 0 0
6251.23363 2 109 0 0
6251.25425 2 109 0 0
6251.27488 2 109 0 0
6251.29551 2 109 0 0
6251.31613 2 109 0 0
6251.33676 2 109 0 0
6251.35738 2 109 0 0
6251.37801 2 109 0 0
6251.39864 2 109 0 0
6251.41926 2 109 0 0
6251.43989 2 109 0 0
6251.46051 2 109 0 0
6251.48114 2 109 0 0
6251.50177 2 109 0 0
6251.52239 2 109 0 0
6251.54302 2 109 0 0
6251.54302 1 32877 0 0