 61 5720.018310 6.815E-25 0.000E+00.06440.078  219.91510.85-.010900                                                            333333584842111010     0.0    0.0
 61 5720.027790 2.593E-24 0.000E+00.06000.077  815.00000.85-.010900                                                            333333584842111010     0.0    0.0
 61 5720.059990 3.891E-24 0.000E+00.06310.076  293.17870.85-.010900                                                            333333584842111010     0.0    0.0
 61 5720.107920 1.576E-24 0.000E+00.06000.077  815.00000.85-.010900                                                            333333584842111010     0.0    0.0
 61 5720.151480 1.351E-24 0.000E+00.06530.079  157.12430.85-.010900                                                            333333584842111010     0.0    0.0
 61 5720.157000 1.097E-24 0.000E+00.06000.077  815.00000.85-.010900                                                            333333584842111010     0.0    0.0
 61 5720.261850 1.198E-24 0.000E+00.06000.077  815.00000.85-.010900                                                            333333584842111010     0.0    0.0
 61 5720.381840 2.135E-24 0.000E+00.06000.077  815.00000.85-.010900                                                            333333584842111010     0.0    0.0
 61 5720.410130 1.046E-23 9.857E-03.06130.075  293.15420.85-.010900                   0 0 0 0 1A1    6A1 49         7A2  1     333333584842111010    65.0   75.0
 61 5720.472180 1.212E-24 0.000E+00.06440.078  219.91510.85-.010900                                                            333333584842111010     0.0    0.0
 61 5720.575850 2.000E-25 0.000E+00.06000.077  815.00000.85-.010900                                                            333333584842111010     0.0    0.0
 62 5720.813600 1.140E-25 0.000E+00.06030.081  333.33330.65-.011000                                                            333332523937 7 1 7     0.0    0.0
 61 5720.824000 4.309E-25 0.000E+00.06000.077  815.00000.85-.010900                                                            333333584842111010     0.0    0.0
 62 5720.866800 5.630E-25 0.000E+00.06030.081  333.33330.65-.011000                                                            333332523937 7 1 7     0.0    0.0
 61 5720.903120 4.115E-25 0.000E+00.06000.077  815.00000.85-.010900                                                            333333584842111010     0.0    0.0
 61 5720.992330 2.693E-24 0.000E+00.06530.079  157.12790.85-.010900                                                            333333584842111010     0.0    0.0
 61 5721.025600 1.228E-24 0.000E+00.06000.077  815.00000.85-.010900                                                            333333584842111010     0.0    0.0
 61 5721.040940 5.253E-25 0.000E+00.06440.078  219.91350.85-.010900                                                            333333584842111010     0.0    0.0
 61 5721.081310 3.639E-25 0.000E+00.06000.077  815.00000.85-.010900                                                            333333584842111010     0.0    0.0
 61 5721.129680 5.945E-24 2.518E-02.05340.069  575.28540.85-.010900                   0 0 0 0 1A1    9F1222        10F2  3     333333584842111010    57.0   63.0
 62 5721.133800 3.140E-25 0.000E+00.06030.081  333.33330.65-.011000                                                            333332523937 7 1 7     0.0    0.0
 61 5721.157690 6.114E-25 0.000E+00.06000.077  815.00000.85-.010900                                                            333333584842111010     0.0    0.0
 61 5721.241250 5.850E-25 0.000E+00.06000.077  815.00000.85-.010900                                                            333333584842111010     0.0    0.0
 61 5721.282210 2.874E-24 0.000E+00.06000.077  815.00000.85-.010900                                                            333333584842111010     0.0    0.0
 62 5721.361500 1.330E-25 0.000E+00.06030.081  333.33330.65-.011000                                                            333332523937 7 1 7     0.0    0.0
 61 5721.384790 9.136E-24 0.000E+00.06440.078  219.91980.85-.010900                                                            333333584842111010     0.0    0.0
 61 5721.445700 5.506E-25 0.000E+00.06000.077  815.00000.85-.010900                                                            333333584842111010     0.0    0.0
 61 5721.475500 1.348E-23 1.503E-02.06570.079  104.77600.85-.010900                   0 0 0 0 1A1    5E  63         4E   1     333333584842111010    22.0   18.0
 61 5721.500290 3.734E-24 1.582E-02.05340.069  575.25980.85-.010900                   0 0 0 0 1A1    9F2216        10F1  2     333333584842111010    57.0   63.0
 61 5721.578270 4.967E-25 0.000E+00.06000.077  815.00000.85-.010900                                                            333333584842111010     0.0    0.0
 61 5721.631720 2.449E-24 0.000E+00.06440.078  219.93680.85-.010900                                                            333333584842111010     0.0    0.0
 61 5721.673570 7.440E-24 0.000E+00.06310.076  293.17870.85-.010900                                                            333333584842111010     0.0    0.0
 61 5721.694770 2.012E-23 1.495E-02.06570.079  104.77470.85-.010900                   0 0 0 0 1A1    5F2 94         4F1  1     333333584842111010    33.0   27.0
 61 5721.752180 1.945E-24 3.056E-03.06130.075  293.12300.85-.010900                   0 0 0 0 1A1    6F2142         7F1  1     333333584842111010    39.0   45.0
 61 5721.754670 7.779E-24 0.000E+00.06000.077  815.00000.85-.010900                                                            333333584842111010     0.0    0.0
 62 5721.763600 1.480E-25 0.000E+00.06030.081  333.33330.65-.011000                                                            333332523937 7 1 7     0.0    0.0
 61 5721.816000 1.189E-24 0.000E+00.06000.077  815.00000.85-.010900                                                            333333584842111010     0.0    0.0
 61 5721.875330 3.266E-24 0.000E+00.06000.077  815.00000.85-.010900                                                            333333584842111010     0.0    0.0
 61 5721.888000 7.281E-25 0.000E+00.06000.077  815.00000.85-.010900                                                            333333584842111010     0.0    0.0
 61 5721.906560 1.491E-24 0.000E+00.06000.077  815.00000.85-.010900                                                            333333584842111010     0.0    0.0
 61 5721.947630 1.822E-24 0.000E+00.06310.076  293.12660.85-.010900                                                            333333584842111010     0.0    0.0
 61 5722.037170 4.629E-25 0.000E+00.06530.079  157.12430.85-.010900                                                            333333584842111010     0.0    0.0
 61 5722.079460 3.918E-23 1.747E-02.06570.079  104.77280.85-.010900                   0 0 0 0 1A1    5A2 34         4A1  1     333333584842111010    55.0   45.0
 62 5722.108400 3.560E-25 0.000E+00.06030.081  333.33330.65-.011000                                                            333332523937 7 1 7     0.0    0.0
 61 5722.158030 4.811E-24 0.000E+00.06000.077  815.00000.85-.010900                                                            333333584842111010     0.0    0.0
 61 5722.250060 9.401E-24 0.000E+00.05340.069  575.22290.85-.010900                                                            333333584842111010     0.0    0.0
 61 5722.298560 5.915E-24 0.000E+00.06310.076  293.16460.85-.010900                                                            333333584842111010     0.0    0.0
 61 5722.336780 3.391E-24 0.000E+00.06310.076  293.12660.85-.010900                                                            333333584842111010     0.0    0.0
 61 5722.366420 7.815E-25 0.000E+00.06570.080   62.87680.85-.010900                                                            333333584842111010     0.0    0.0
 61 5722.412990 1.538E-24 0.000E+00.06000.077  815.00000.85-.010900                                                            333333584842111010     0.0    0.0
 61 5722.434460 2.961E-24 0.000E+00.06000.077  815.00000.85-.010900                                                            333333584842111010     0.0    0.0
 61 5722.491260 1.442E-24 0.000E+00.06000.077  815.00000.85-.010900                                                            333333584842111010     0.0    0.0
 61 5722.529500 6.726E-25 0.000E+00.06130.075  293.16460.85-.010900                                                            333333584842111010     0.0    0.0
 61 5722.568820 6.079E-24 9.553E-03.06130.075  293.12660.85-.010900                   0 0 0 0 1A1    6F1137         7F2  1     333333584842111010    39.0   45.0
 61 5722.647590 1.371E-24 0.000E+00.06000.077  815.00000.85-.010900                                                            333333584842111010     0.0    0.0
 61 5722.666910 5.756E-24 0.000E+00.05340.069  575.27190.85-.010900                                                            333333584842111010     0.0    0.0
 61 5722.690000 1.252E-24 0.000E+00.06000.077  815.00000.85-.010900                                                            333333584842111010     0.0    0.0
 61 5722.732790 6.526E-25 0.000E+00.06570.079  104.77470.85-.010900                                                            333333584842111010     0.0    0.0
 61 5722.737000 2.000E-25 0.000E+00.06000.077  815.00000.85-.010900                                                            333333584842111010     0.0    0.0
 61 5722.749140 3.684E-25 0.000E+00.06530.079  157.12430.85-.010900                                                            333333584842111010     0.0    0.0
 61 5722.876870 1.440E-24 0.000E+00.06000.077  815.00000.85-.010900                                                            333333584842111010     0.0    0.0
 61 5722.904780 1.605E-24 0.000E+00.06000.077  815.00000.85-.010900                                                            333333584842111010     0.0    0.0
 61 5722.945480 7.619E-25 0.000E+00.06130.075  376.73040.85-.010900                                                            333333584842111010     0.0    0.0
 61 5722.991000 9.109E-25 0.000E+00.06000.077  815.00000.85-.010900                                                            333333584842111010     0.0    0.0
 61 5723.039000 8.646E-25 0.000E+00.06000.077  815.00000.85-.010900                                                            333333584842111010     0.0    0.0
 61 5723.101000 5.957E-25 0.000E+00.06000.077  815.00000.85-.010900                                                            333333584842111010     0.0    0.0
 62 5723.135100 1.500E-24 0.000E+00.06030.081  333.33330.65-.011000                                                            333332523937 7 1 7     0.0    0.0
 61 5723.151490 3.747E-24 0.000E+00.06310.076  293.12300.85-.010900                                                            333333584842111010     0.0    0.0
 61 5723.163410 6.862E-24 0.000E+00.06310.076  293.17010.85-.010900                                                            333333584842111010     0.0    0.0
 61 5723.308700 2.849E-23 1.218E-01.05650.071  470.79900.85-.010900                   0 0 0 0 1A1    8E 129         9E   1     333333584842111010    34.0   38.0
 61 5723.363290 2.122E-24 0.000E+00.06000.077  815.00000.85-.010900                                                            333333584842111010     0.0    0.0
 61 5723.423910 9.288E-25 0.000E+00.06000.077  815.00000.85-.010900                                                            333333584842111010     0.0    0.0
 61 5723.484000 7.786E-25 5.212E-03.05000.067  689.87690.85-.010900                   0 0 0 0 1A1   10F1249        11F2  2     333333584842111010    63.0   69.0
 61 5723.549530 2.992E-25 0.000E+00.06000.077  815.00000.85-.010900                                                            333333584842111010     0.0    0.0
 61 5723.616630 2.637E-24 0.000E+00.06000.077  815.00000.85-.010900                                                            333333584842111010     0.0    0.0
 61 5723.653110 2.085E-24 1.395E-02.05000.067  689.70770.85-.010900                   0 0 0 0 1A1   10F1249        11F2  1     333333584842111010    63.0   69.0
 61 5723.675890 2.456E-24 0.000E+00.06000.077  815.00000.85-.010900                                                            333333584842111010     0.0    0.0
 62 5723.691800 8.440E-25 0.000E+00.06130.075  376.73040.69-.011000                   0 0 0 0 1A1                   8          334432523937 7 1 7     0.0    0.0
 61 5723.852040 2.074E-24 0.000E+00.06000.077  815.00000.85-.010900                                                            333333584842111010     0.0    0.0
 61 5723.889000 7.219E-25 0.000E+00.06000.077  815.00000.85-.010900                                                            333333584842111010     0.0    0.0
 61 5723.975170 4.667E-23 1.331E-01.05650.071  470.80530.85-.010900                   0 0 0 0 1A1    8F2194         9F1  2     333333584842111010    51.0   57.0
 62 5723.986600 5.470E-25 0.000E+00.06030.081  333.33330.65-.011000                                                            333332523937 7 1 7     0.0    0.0
 61 5724.079000 1.558E-24 0.000E+00.06000.077  815.00000.85-.010900                                                            333333584842111010     0.0    0.0
 61 5724.109400 1.328E-24 0.000E+00.06000.077  815.00000.85-.010900                                                            333333584842111010     0.0    0.0
 61 5724.201000 6.484E-25 0.000E+00.06000.077  815.00000.85-.010900                                                            333333584842111010     0.0    0.0
 62 5724.244900 3.730E-25 0.000E+00.06030.081  333.33330.65-.011000                                                            333332523937 7 1 7     0.0    0.0
 61 5724.253150 1.427E-24 0.000E+00.06000.077  815.00000.85-.010900                                                            333333584842111010     0.0    0.0
 61 5724.346110 5.323E-24 4.322E-03.06530.079  157.13890.85-.010900                   0 0 0 0 1A1    6F2109         5F1  2     333333584842111010    39.0   33.0
 61 5724.360560 7.231E-25 5.871E-04.06530.079  157.12430.85-.010900                   0 0 0 0 1A1    6F2109         5F1  1     333333584842111010    39.0   33.0
 61 5724.388550 7.624E-25 0.000E+00.06000.077  815.00000.85-.010900                                                            333333584842111010     0.0    0.0
 61 5724.461940 8.778E-25 0.000E+00.06000.077  815.00000.85-.010900                                                            333333584842111010     0.0    0.0
 61 5724.482810 1.815E-24 0.000E+00.06000.077  815.00000.85-.010900                                                            333333584842111010     0.0    0.0
 61 5724.508590 1.722E-24 0.000E+00.06530.079  157.12790.85-.010900                                                            333333584842111010     0.0    0.0
 61 5724.545710 2.835E-24 0.000E+00.06000.077  815.00000.85-.010900                                                            333333584842111010     0.0    0.0
 61 5724.616210 7.604E-24 0.000E+00.06310.076  293.17870.85-.010900                                                            333333584842111010     0.0    0.0
 61 5724.639980 2.886E-24 0.000E+00.06000.077  815.00000.85-.010900                                                            333333584842111010     0.0    0.0
 61 5724.665570 1.008E-24 0.000E+00.06000.077  815.00000.85-.010900                                                            333333584842111010     0.0    0.0
 61 5724.725000 1.348E-24 0.000E+00.06000.077  815.00000.85-.010900                                                            333333584842111010     0.0    0.0
 61 5724.771850 7.438E-25 0.000E+00.06130.075  293.17010.85-.010900                                                            333333584842111010     0.0    0.0
 61 5724.781850 5.086E-25 0.000E+00.06310.076  293.15420.85-.010900                                                            333333584842111010     0.0    0.0
 61 5724.827000 7.004E-25 0.000E+00.06000.077  815.00000.85-.010900                                                            333333584842111010     0.0    0.0
 61 5724.859740 8.118E-25 0.000E+00.06130.075  376.73040.85-.010900                                                            333333584842111010     0.0    0.0
 61 5724.893710 1.571E-24 0.000E+00.06000.077  815.00000.85-.010900                                                            333333584842111010     0.0    0.0
 61 5724.945930 4.651E-24 0.000E+00.06310.076  293.15420.85-.010900                                                            333333584842111010     0.0    0.0
 61 5724.969890 3.294E-24 0.000E+00.06310.076  293.16460.85-.010900                                                            333333584842111010     0.0    0.0
 61 5725.024000 6.211E-25 0.000E+00.06000.077  815.00000.85-.010900                                                            333333584842111010     0.0    0.0
 61 5725.063880 5.114E-25 0.000E+00.06130.075  293.17870.85-.010900                                                            333333584842111010     0.0    0.0
 61 5725.119580 7.279E-25 0.000E+00.06130.075  293.12300.85-.010900                                                            333333584842111010     0.0    0.0
 61 5725.141580 1.679E-24 0.000E+00.06000.077  815.00000.85-.010900                                                            333333584842111010     0.0    0.0
 61 5725.188460 6.321E-25 0.000E+00.06530.080   31.44240.85-.010900                                                            333333584842111010     0.0    0.0
 61 5725.213460 3.081E-25 0.000E+00.06000.077  815.00000.85-.010900                                                            333333584842111010     0.0    0.0
 61 5725.252550 3.656E-25 0.000E+00.06000.077  815.00000.85-.010900                                                            333333584842111010     0.0    0.0
 62 5725.273700 3.690E-25 0.000E+00.06030.081  333.33330.65-.011000                                                            333332523937 7 1 7     0.0    0.0
 61 5725.278350 1.835E-24 0.000E+00.06000.077  815.00000.85-.010900                                                            333333584842111010     0.0    0.0
 61 5725.355980 3.075E-25 0.000E+00.06000.077  815.00000.85-.010900                                                            333333584842111010     0.0    0.0
 61 5725.383610 1.596E-24 0.000E+00.06000.077  815.00000.85-.010900                                                            333333584842111010     0.0    0.0
 61 5725.443000 8.513E-25 0.000E+00.06000.077  815.00000.85-.010900                                                            333333584842111010     0.0    0.0
 61 5725.503660 2.464E-24 0.000E+00.05340.069  575.05270.85-.010900                                                            333333584842111010     0.0    0.0
 61 5725.518000 2.000E-25 0.000E+00.06000.077  815.00000.85-.010900                                                            333333584842111010     0.0    0.0
 61 5725.527360 1.381E-24 0.000E+00.06570.079  104.77280.85-.010900                                                            333333584842111010     0.0    0.0
 61 5725.598110 2.411E-25 0.000E+00.06570.080   62.87580.85-.010900                                                            333333584842111010     0.0    0.0
 61 5725.605380 2.754E-24 0.000E+00.05000.067  690.04940.85-.010900                                                            333333584842111010     0.0    0.0
 61 5725.731520 4.672E-24 0.000E+00.05000.067  689.86230.85-.010900                                                            333333584842111010     0.0    0.0
 61 5725.749710 4.508E-24 0.000E+00.04160.061  950.15390.85-.010900                                                            333333584842111010     0.0    0.0
 61 5725.899550 2.887E-24 0.000E+00.06000.077  815.00000.85-.010900                                                            333333584842111010     0.0    0.0
 61 5725.937930 2.352E-24 0.000E+00.06000.077  815.00000.85-.010900                                                            333333584842111010     0.0    0.0
 61 5726.059560 3.097E-24 0.000E+00.05340.069  689.95690.85-.010900                                                            333333584842111010     0.0    0.0
 61 5726.211000 2.000E-25 0.000E+00.06000.077  815.00000.85-.010900                                                            333333584842111010     0.0    0.0
 62 5726.278600 1.510E-25 0.000E+00.06030.081  333.33330.65-.011000                                                            333332523937 7 1 7     0.0    0.0
 61 5726.279000 2.863E-25 0.000E+00.06000.077  815.00000.85-.010900                                                            333333584842111010     0.0    0.0
 61 5726.380640 9.439E-24 0.000E+00.04160.061  949.84160.85-.010900                                                            333333584842111010     0.0    0.0
 61 5726.448000 3.766E-25 0.000E+00.06000.077  815.00000.85-.010900                                                            333333584842111010     0.0    0.0
 61 5726.505400 1.431E-24 6.072E-03.05340.069  575.25980.85-.010900                   0 0 0 0 1A1    9F2219        10F1  2     333333584842111010    57.0   63.0
 61 5726.684500 7.718E-23 1.322E-01.05650.071  470.83100.85-.010900                   0 0 0 0 1A1    8A2 62         9A1  1     333333584842111010    85.0   95.0
 61 5726.836320 1.182E-22 1.452E-01.05910.073  376.73040.85-.010900                   0 0 0 0 1A1    7A2 59         8A1  1     333333584842111010    75.0   85.0
 62 5726.945900 2.850E-25 0.000E+00.06030.081  333.33330.65-.011000                                                            333332523937 7 1 7     0.0    0.0
 61 5726.956610 5.150E-24 0.000E+00.04600.064  815.14380.85-.010900                                                            333333584842111010     0.0    0.0
 61 5727.054700 1.126E-24 0.000E+00.06570.079  104.78000.85-.010900                                                            333333584842111010     0.0    0.0
 62 5727.064200 5.540E-25 0.000E+00.06030.081  333.33330.65-.011000                                                            333332523937 7 1 7     0.0    0.0
 61 5727.079050 9.823E-24 0.000E+00.05000.067  690.03970.85-.010900                                                            333333584842111010     0.0    0.0
 61 5727.115780 7.485E-25 0.000E+00.06000.077  815.00000.85-.010900                                                            333333584842111010     0.0    0.0
 61 5727.137230 6.154E-25 0.000E+00.06440.078  219.94520.85-.010900                                                            333333584842111010     0.0    0.0
 61 5727.199600 2.670E-25 0.000E+00.06530.080   31.44210.85-.010900                                                            333333584842111010     0.0    0.0
 61 5727.206000 5.030E-25 0.000E+00.06000.077  815.00000.85-.010900                                                            333333584842111010     0.0    0.0
 61 5727.220000 1.828E-24 0.000E+00.06000.077  815.00000.85-.010900                                                            333333584842111010     0.0    0.0
 61 5727.232000 2.304E-24 0.000E+00.06000.077  815.00000.85-.010900                                                            333333584842111010     0.0    0.0
 61 5727.282560 3.321E-24 0.000E+00.06000.077  815.00000.85-.010900                                                            333333584842111010     0.0    0.0
 61 5727.334600 7.158E-23 1.466E-01.05910.073  376.73370.85-.010900                   0 0 0 0 1A1    7F2167         8F1  1     333333584842111010    45.0   51.0
 61 5727.359000 1.094E-24 0.000E+00.06440.078  219.91350.85-.010900                                                            333333584842111010     0.0    0.0
 61 5727.387630 2.276E-24 0.000E+00.06000.077  815.00000.85-.010900                                                            333333584842111010     0.0    0.0
 61 5727.404170 1.886E-24 8.006E-03.05340.069  575.28540.85-.010900                   0 0 0 0 1A1    9F1225        10F2  3     333333584842111010    57.0   63.0
 61 5727.520280 1.291E-24 5.477E-03.05340.069  575.17010.85-.010900                   0 0 0 0 1A1    9F1225        10F2  2     333333584842111010    57.0   63.0
 62 5727.531000 3.130E-25 0.000E+00.06030.081  333.33330.65-.011000                                                            333332523937 7 1 7     0.0    0.0
 61 5727.544490 1.172E-24 0.000E+00.06000.077  815.00000.85-.010900                                                            333333584842111010     0.0    0.0
 61 5727.616580 4.654E-23 1.430E-01.05910.073  376.73570.85-.010900                   0 0 0 0 1A1    7E 111         8E   1     333333584842111010    30.0   34.0
 61 5727.745000 7.308E-25 0.000E+00.06000.077  815.00000.85-.010900                                                            333333584842111010     0.0    0.0
 62 5727.952800 2.980E-25 0.000E+00.06030.081  333.33330.65-.011000                                                            333332523937 7 1 7     0.0    0.0
 61 5727.985000 3.216E-25 0.000E+00.06000.077  815.00000.85-.010900                                                            333333584842111010     0.0    0.0
 61 5728.030000 6.308E-25 0.000E+00.06000.077  815.00000.85-.010900                                                            333333584842111010     0.0    0.0
 62 5728.039900 1.390E-25 0.000E+00.06030.081  333.33330.65-.011000                                                            333332523937 7 1 7     0.0    0.0
 61 5728.055000 8.594E-25 0.000E+00.06000.077  815.00000.85-.010900                                                            333333584842111010     0.0    0.0
 61 5728.188720 6.723E-24 0.000E+00.05000.067  690.01760.85-.010900                                                            333333584842111010     0.0    0.0
 61 5728.249490 6.045E-25 0.000E+00.06570.079  104.77470.85-.010900                                                            333333584842111010     0.0    0.0
 61 5728.300600 1.208E-24 0.000E+00.06000.077  815.00000.85-.010900                                                            333333584842111010     0.0    0.0
 61 5728.338310 4.989E-23 1.425E-01.05650.071  470.85500.85-.010900                   0 0 0 0 1A1    8F2195         9F1  3     333333584842111010    51.0   57.0
 61 5728.339810 8.378E-24 0.000E+00.06310.076  293.15420.85-.010900                                                            333333584842111010     0.0    0.0
 61 5728.418620 5.077E-24 0.000E+00.06310.076  293.16460.85-.010900                                                            333333584842111010     0.0    0.0
 61 5728.459000 6.642E-25 0.000E+00.06000.077  815.00000.85-.010900                                                            333333584842111010     0.0    0.0
 61 5728.506550 2.779E-24 0.000E+00.06310.076  293.17010.85-.010900                                                            333333584842111010     0.0    0.0
 62 5728.511500 1.040E-25 0.000E+00.06030.081  333.33330.65-.011000                                                            333332523937 7 1 7     0.0    0.0
 61 5728.548360 3.834E-25 0.000E+00.06000.077  815.00000.85-.010900                                                            333333584842111010     0.0    0.0
 61 5728.706000 7.592E-25 0.000E+00.06000.077  815.00000.85-.010900                                                            333333584842111010     0.0    0.0
 61 5728.760570 3.989E-24 6.282E-03.06130.075  293.12300.85-.010900                   0 0 0 0 1A1    6F2144         7F1  1     333333584842111010    39.0   45.0
 61 5728.913320 5.168E-25 0.000E+00.06440.080   10.48170.85-.010900                                                            333333584842111010     0.0    0.0
 61 5728.949080 9.836E-25 0.000E+00.06000.077  815.00000.85-.010900                                                            333333584842111010     0.0    0.0
 62 5728.950100 2.320E-25 0.000E+00.06030.081  333.33330.65-.011000                                                            333332523937 7 1 7     0.0    0.0
 61 5729.260910 3.909E-23 1.117E-01.05650.071  470.86510.85-.010900                   0 0 0 0 1A1    8F1191         9F2  2     333333584842111010    51.0   57.0
 62 5729.345800 3.360E-25 0.000E+00.06030.081  333.33330.65-.011000                                                            333332523937 7 1 7     0.0    0.0
 61 5729.453790 3.245E-24 0.000E+00.06130.075  376.80480.85-.010900                                                            333333584842111010     0.0    0.0
 62 5729.554200 1.420E-25 0.000E+00.06030.081  333.33330.65-.011000                                                            333332523937 7 1 7     0.0    0.0
 61 5729.691670 1.795E-24 0.000E+00.06000.077  815.00000.85-.010900                                                            333333584842111010     0.0    0.0
 61 5729.803030 7.065E-25 0.000E+00.06000.077  815.00000.85-.010900                                                            333333584842111010     0.0    0.0
 61 5730.030200 7.742E-25 0.000E+00.06000.077  815.00000.85-.010900                                                            333333584842111010     0.0    0.0
 62 5730.074700 1.450E-24 0.000E+00.06310.076  293.15420.70-.011000                   0 0 0 0 1A1                   7          334432523937 7 1 7     0.0    0.0
 61 5730.205040 1.183E-24 0.000E+00.06000.077  815.00000.85-.010900                                                            333333584842111010     0.0    0.0
 61 5730.261620 7.305E-23 1.253E-01.05650.071  470.87290.85-.010900                   0 0 0 0 1A1    8A1 69         9A2  1     333333584842111010    85.0   95.0
 61 5730.287820 1.458E-24 0.000E+00.06000.077  815.00000.85-.010900                                                            333333584842111010     0.0    0.0
 61 5730.388130 7.007E-24 0.000E+00.05340.069  575.05570.85-.010900                                                            333333584842111010     0.0    0.0
 61 5730.409940 5.299E-25 0.000E+00.06000.077  815.00000.85-.010900                                                            333333584842111010     0.0    0.0
 61 5730.529000 4.528E-25 0.000E+00.06000.077  815.00000.85-.010900                                                            333333584842111010     0.0    0.0
 61 5730.595000 9.563E-25 0.000E+00.06000.077  815.00000.85-.010900                                                            333333584842111010     0.0    0.0
 61 5730.650090 2.742E-24 0.000E+00.06000.077  815.00000.85-.010900                                                            333333584842111010     0.0    0.0
 61 5730.676960 2.671E-24 0.000E+00.06000.077  815.00000.85-.010900                                                            333333584842111010     0.0    0.0
 61 5730.725720 1.545E-23 2.436E-02.06130.075  293.17870.85-.010900                   0 0 0 0 1A1    6F2145         7F1  2     333333584842111010    39.0   45.0
 61 5730.768550 2.167E-24 3.415E-03.06130.075  293.12660.85-.010900                   0 0 0 0 1A1    6F1139         7F2  1     333333584842111010    39.0   45.0
 62 5730.779900 2.530E-25 0.000E+00.06030.081  333.33330.65-.011000                                                            333332523937 7 1 7     0.0    0.0
 61 5730.797360 5.850E-24 1.383E-02.06130.075  293.17010.85-.010900                   0 0 0 0 1A1    6E  97         7E   1     333333584842111010    26.0   30.0
 61 5730.912950 1.273E-23 0.000E+00.06530.079  157.12790.85-.010900                                                            333333584842111010     0.0    0.0
 61 5730.935400 1.293E-24 0.000E+00.06000.077  815.00000.85-.010900                                                            333333584842111010     0.0    0.0
 61 5730.965000 1.086E-24 0.000E+00.06000.077  815.00000.85-.010900                                                            333333584842111010     0.0    0.0
 61 5730.989340 3.188E-24 0.000E+00.06310.076  293.12660.85-.010900                                                            333333584842111010     0.0    0.0
 61 5731.038670 1.257E-24 0.000E+00.06000.077  815.00000.85-.010900                                                            333333584842111010     0.0    0.0
 61 5731.045590 2.000E-25 0.000E+00.06570.079  104.78000.85-.010900                                                            333333584842111010     0.0    0.0
 61 5731.150870 1.011E-23 9.563E-03.06130.075  293.15420.85-.010900                   0 0 0 0 1A1    6A1 50         7A2  1     333333584842111010    65.0   75.0
 61 5731.173280 1.053E-24 0.000E+00.06000.077  815.00000.85-.010900                                                            333333584842111010     0.0    0.0
 61 5731.211000 3.641E-25 0.000E+00.06000.077  815.00000.85-.010900                                                            333333584842111010     0.0    0.0
 62 5731.326500 2.280E-25 0.000E+00.06030.081  333.33330.65-.011000                                                            333332523937 7 1 7     0.0    0.0
 61 5731.469000 4.508E-25 0.000E+00.06530.079  157.13720.85-.010900                                                            333333584842111010     0.0    0.0
 61 5731.472910 2.000E-25 0.000E+00.06000.077  815.00000.85-.010900                                                            333333584842111010     0.0    0.0
 61 5731.508000 2.000E-25 0.000E+00.06000.077  815.00000.85-.010900                                                            333333584842111010     0.0    0.0
 61 5731.587000 1.685E-24 0.000E+00.06000.077  815.00000.85-.010900                                                            333333584842111010     0.0    0.0
 61 5731.600490 3.007E-24 0.000E+00.06530.079  157.13890.85-.010900                                                            333333584842111010     0.0    0.0
 61 5731.614850 8.086E-24 0.000E+00.06530.079  157.12430.85-.010900                                                            333333584842111010     0.0    0.0
 61 5731.861150 8.541E-24 0.000E+00.05340.069  575.22290.85-.010900                                                            333333584842111010     0.0    0.0
 62 5731.876800 8.290E-25 0.000E+00.06030.081  333.33330.65-.011000                                                            333332523937 7 1 7     0.0    0.0
 61 5731.977310 3.428E-23 2.791E-02.06530.079  157.13890.85-.010900                   0 0 0 0 1A1    6F2113         5F1  2     333333584842111010    39.0   33.0
 61 5731.992000 1.365E-24 1.111E-03.06530.079  157.12430.85-.010900                   0 0 0 0 1A1    6F2113         5F1  1     333333584842111010    39.0   33.0
 61 5732.133000 2.000E-25 0.000E+00.06000.077  815.00000.85-.010900                                                            333333584842111010     0.0    0.0
 61 5732.175000 3.726E-25 0.000E+00.06000.077  815.00000.85-.010900                                                            333333584842111010     0.0    0.0
 61 5732.213080 7.965E-24 0.000E+00.05000.067  690.04940.85-.010900                                                            333333584842111010     0.0    0.0
 61 5732.299810 1.964E-23 2.399E-02.06530.079  157.13720.85-.010900                   0 0 0 0 1A1    6E  75         5E   1     333333584842111010    26.0   22.0
 61 5732.354570 1.786E-24 2.817E-03.06130.075  293.16460.85-.010900                   0 0 0 0 1A1    6F1140         7F2  2     333333584842111010    39.0   45.0
 61 5732.394190 8.138E-24 1.283E-02.06130.075  293.12660.85-.010900                   0 0 0 0 1A1    6F1140         7F2  1     333333584842111010    39.0   45.0
 61 5732.418510 1.750E-24 0.000E+00.06000.077  815.00000.85-.010900                                                            333333584842111010     0.0    0.0
 61 5732.467800 2.653E-24 0.000E+00.06000.077  815.00000.85-.010900                                                            333333584842111010     0.0    0.0
 61 5732.517000 3.796E-25 0.000E+00.06000.077  815.00000.85-.010900                                                            333333584842111010     0.0    0.0
 61 5732.552000 7.690E-25 0.000E+00.06000.077  815.00000.85-.010900                                                            333333584842111010     0.0    0.0
 62 5732.573400 4.400E-25 0.000E+00.06030.081  333.33330.65-.011000                                                            333332523937 7 1 7     0.0    0.0
 61 5732.573500 1.043E-24 0.000E+00.06530.079  157.13720.85-.010900                                                            333333584842111010     0.0    0.0
 61 5732.603900 9.670E-24 1.525E-02.06130.075  293.12300.85-.010900                   0 0 0 0 1A1    6F2146         7F1  1     333333584842111010    39.0   45.0
 61 5732.623960 5.176E-24 0.000E+00.05910.073  470.83100.85-.010900                                                            333333584842111010     0.0    0.0
 61 5732.653250 2.526E-23 2.391E-02.06130.075  293.15420.85-.010900                   0 0 0 0 1A1    6A1 51         7A2  1     333333584842111010    65.0   75.0
 62 5732.700300 1.500E-25 0.000E+00.06030.081  333.33330.65-.011000                                                            333332523937 7 1 7     0.0    0.0
 61 5732.755640 1.277E-23 2.014E-02.06130.075  293.16460.85-.010900                   0 0 0 0 1A1    6F1141         7F2  2     333333584842111010    39.0   45.0
 61 5732.793490 7.849E-25 1.238E-03.06130.075  293.12660.85-.010900                   0 0 0 0 1A1    6F1141         7F2  1     333333584842111010    39.0   45.0
 61 5732.921060 1.571E-24 0.000E+00.06000.077  815.00000.85-.010900                                                            333333584842111010     0.0    0.0
 61 5732.997110 4.925E-24 0.000E+00.06130.075  376.82130.85-.010900                                                            333333584842111010     0.0    0.0
 61 5733.031120 6.413E-25 0.000E+00.06000.077  815.00000.85-.010900                                                            333333584842111010     0.0    0.0
 61 5733.085000 6.256E-25 0.000E+00.06000.077  815.00000.85-.010900                                                            333333584842111010     0.0    0.0
 61 5733.109470 8.374E-25 0.000E+00.06000.077  815.00000.85-.010900                                                            333333584842111010     0.0    0.0
 61 5733.139250 1.327E-24 0.000E+00.06000.077  815.00000.85-.010900                                                            333333584842111010     0.0    0.0
 61 5733.213000 2.018E-24 0.000E+00.06000.077  815.00000.85-.010900                                                            333333584842111010     0.0    0.0
 61 5733.265510 5.178E-24 8.170E-03.06130.075  293.17870.85-.010900                   0 0 0 0 1A1    6F2147         7F1  2     333333584842111010    39.0   45.0
 61 5733.293500 7.470E-24 9.126E-03.06530.079  157.13720.85-.010900                   0 0 0 0 1A1    6E  76         5E   1     333333584842111010    26.0   22.0
 62 5733.305300 2.610E-25 0.000E+00.06030.081  333.33330.65-.011000                                                            333332523937 7 1 7     0.0    0.0
 61 5733.323330 7.367E-24 0.000E+00.05340.069  575.22290.85-.010900                                                            333333584842111010     0.0    0.0
 61 5733.367360 1.214E-23 0.000E+00.05000.067  689.86230.85-.010900                                                            333333584842111010     0.0    0.0
 61 5733.387050 6.455E-24 0.000E+00.06130.075  293.17010.85-.010900                                                            333333584842111010     0.0    0.0
 61 5733.401460 4.229E-24 0.000E+00.06310.076  293.15420.85-.010900                                                            333333584842111010     0.0    0.0
 61 5733.425940 1.177E-24 0.000E+00.06440.078  219.91510.85-.010900                                                            333333584842111010     0.0    0.0
 61 5733.460000 2.000E-25 0.000E+00.06000.077  815.00000.85-.010900                                                            333333584842111010     0.0    0.0
 62 5733.500800 1.870E-25 0.000E+00.06030.081  333.33330.65-.011000                                                            333332523937 7 1 7     0.0    0.0
 61 5733.532690 2.304E-24 0.000E+00.06440.078  219.91350.85-.010900                                                            333333584842111010     0.0    0.0
 62 5733.561500 1.720E-25 0.000E+00.06030.081  333.33330.65-.011000                                                            333332523937 7 1 7     0.0    0.0
 61 5733.563210 1.699E-24 0.000E+00.06000.077  815.00000.85-.010900                                                            333333584842111010     0.0    0.0
 61 5733.608000 8.746E-25 0.000E+00.06000.077  815.00000.85-.010900                                                            333333584842111010     0.0    0.0
 61 5733.642140 2.426E-24 0.000E+00.06000.077  815.00000.85-.010900                                                            333333584842111010     0.0    0.0
 62 5733.672500 1.890E-25 0.000E+00.06030.081  333.33330.65-.011000                                                            333332523937 7 1 7     0.0    0.0
 61 5733.690780 4.312E-24 0.000E+00.06130.075  376.82630.85-.010900                                                            333333584842111010     0.0    0.0
 61 5733.742070 3.169E-24 0.000E+00.06000.077  815.00000.85-.010900                                                            333333584842111010     0.0    0.0
 61 5733.825840 2.478E-24 0.000E+00.05000.067  690.01760.85-.010900                                                            333333584842111010     0.0    0.0
 61 5733.936610 2.507E-24 0.000E+00.05340.069  575.05270.85-.010900                                                            333333584842111010     0.0    0.0
 61 5733.965640 4.370E-24 0.000E+00.05000.067  689.87690.85-.010900                                                            333333584842111010     0.0    0.0
 61 5734.019060 2.381E-24 0.000E+00.06130.075  376.80480.85-.010900                                                            333333584842111010     0.0    0.0
 61 5734.048950 9.676E-25 0.000E+00.06000.077  815.00000.85-.010900                                                            333333584842111010     0.0    0.0
 61 5734.074000 1.829E-24 5.234E-03.05650.071  470.80530.85-.010900                   0 0 0 0 1A1    8F2197         9F1  2     333333584842111010    51.0   57.0
 61 5734.090000 2.815E-24 0.000E+00.06000.077  815.00000.85-.010900                                                            333333584842111010     0.0    0.0
 61 5734.104000 2.720E-24 0.000E+00.06000.077  815.00000.85-.010900                                                            333333584842111010     0.0    0.0
 61 5734.151000 6.024E-25 0.000E+00.06000.077  815.00000.85-.010900                                                            333333584842111010     0.0    0.0
 61 5734.224390 6.441E-24 0.000E+00.06000.077  815.00000.85-.010900                                                            333333584842111010     0.0    0.0
 61 5734.233530 1.025E-23 8.036E-03.06310.076  219.94520.85-.010900                   0 0 0 0 1A1    5A2 41         6A1  1     333333584842111010    55.0   65.0
 61 5734.262380 3.681E-24 0.000E+00.06440.078  219.91510.85-.010900                                                            333333584842111010     0.0    0.0
 61 5734.358000 3.052E-25 0.000E+00.06000.077  815.00000.85-.010900                                                            333333584842111010     0.0    0.0
 61 5734.491540 1.347E-24 0.000E+00.06440.078  219.91510.85-.010900                                                            333333584842111010     0.0    0.0
 61 5734.536580 6.781E-24 0.000E+00.06130.075  376.73040.85-.010900                                                            333333584842111010     0.0    0.0
 61 5734.610790 6.715E-24 0.000E+00.06440.078  219.91980.85-.010900                                                            333333584842111010     0.0    0.0
 61 5734.623300 4.405E-24 5.756E-03.06310.076  219.94130.85-.010900                   0 0 0 0 1A1    5F2115         6F1  1     333333584842111010    33.0   39.0
 61 5734.628930 4.154E-24 0.000E+00.06130.075  376.73040.85-.010900                                                            333333584842111010     0.0    0.0
 62 5734.649100 1.850E-25 0.000E+00.06030.081  333.33330.65-.011000                                                            333332523937 7 1 7     0.0    0.0
 61 5734.656830 6.760E-24 0.000E+00.06130.075  376.73040.85-.010900                                                            333333584842111010     0.0    0.0
 61 5734.691000 4.595E-24 0.000E+00.06000.077  815.00000.85-.010900                                                            333333584842111010     0.0    0.0
 61 5734.698440 2.369E-24 0.000E+00.06130.075  376.73040.85-.010900                                                            333333584842111010     0.0    0.0
 61 5734.704000 4.699E-24 0.000E+00.05650.071  470.85500.85-.010900                                                            333333584842111010     0.0    0.0
 61 5734.730040 2.954E-24 0.000E+00.06000.077  815.00000.85-.010900                                                            333333584842111010     0.0    0.0
 61 5734.768070 2.256E-24 0.000E+00.06000.077  815.00000.85-.010900                                                            333333584842111010     0.0    0.0
 61 5734.826610 1.586E-24 0.000E+00.06570.079  104.77600.85-.010900                                                            333333584842111010     0.0    0.0
 61 5734.848310 3.493E-24 0.000E+00.06000.077  815.00000.85-.010900                                                            333333584842111010     0.0    0.0
 61 5734.863350 1.327E-24 0.000E+00.06440.078  219.91350.85-.010900                                                            333333584842111010     0.0    0.0
 61 5734.919240 7.892E-24 0.000E+00.05340.069  575.05270.85-.010900                                                            333333584842111010     0.0    0.0
 61 5734.988000 4.868E-25 0.000E+00.06000.077  815.00000.85-.010900                                                            333333584842111010     0.0    0.0
 61 5735.000000 1.365E-24 0.000E+00.06000.077  815.00000.85-.010900                                                            333333584842111010     0.0    0.0
 61 5735.056760 2.972E-24 0.000E+00.05650.071  470.86510.85-.010900                                                            333333584842111010     0.0    0.0
 61 5735.098040 6.747E-24 8.818E-03.06310.076  219.93680.85-.010900                   0 0 0 0 1A1    5F1120         6F2  2     333333584842111010    33.0   39.0
 62 5735.139700 7.260E-25 0.000E+00.06310.076  293.15420.70-.011000                   0 0 0 0 1A1                   7          334432523937 7 1 7     0.0    0.0
 61 5735.207780 4.880E-24 0.000E+00.06130.075  376.82130.85-.010900                                                            333333584842111010     0.0    0.0
 62 5735.352000 6.700E-25 0.000E+00.06030.081  333.33330.65-.011000                                                            333332523937 7 1 7     0.0    0.0
 61 5735.394290 8.590E-25 0.000E+00.06570.079  104.78000.85-.010900                                                            333333584842111010     0.0    0.0
 61 5735.409080 6.270E-23 1.288E-01.05910.073  376.78590.85-.010900                   0 0 0 0 1A1    7F1172         8F2  1     333333584842111010    45.0   51.0
 61 5735.511190 6.263E-24 0.000E+00.06570.079  104.77280.85-.010900                                                            333333584842111010     0.0    0.0
 62 5735.527000 3.800E-25 0.000E+00.06030.081  333.33330.65-.011000                                                            333332523937 7 1 7     0.0    0.0
 62 5735.640500 1.070E-24 0.000E+00.06310.076  293.15420.70-.011000                   0 0 0 0 1A1                   7          334432523937 7 1 7     0.0    0.0
 61 5735.696000 6.733E-25 0.000E+00.06000.077  815.00000.85-.010900                                                            333333584842111010     0.0    0.0
 61 5735.739710 1.380E-24 0.000E+00.06440.078  219.93680.85-.010900                                                            333333584842111010     0.0    0.0
 61 5735.759930 5.364E-25 0.000E+00.06440.078  219.91510.85-.010900                                                            333333584842111010     0.0    0.0
 61 5735.829500 5.167E-24 0.000E+00.04600.064  814.88450.85-.010900                                                            333333584842111010     0.0    0.0
 62 5735.882200 2.380E-25 0.000E+00.06030.081  333.33330.65-.011000                                                            333332523937 7 1 7     0.0    0.0
 61 5735.883990 1.891E-24 0.000E+00.06000.077  815.00000.85-.010900                                                            333333584842111010     0.0    0.0
 61 5735.931680 2.870E-24 0.000E+00.06570.079  104.77470.85-.010900                                                            333333584842111010     0.0    0.0
 61 5735.937000 1.426E-24 0.000E+00.06000.077  815.00000.85-.010900                                                            333333584842111010     0.0    0.0
 61 5735.986650 4.363E-25 0.000E+00.06000.077  815.00000.85-.010900                                                            333333584842111010     0.0    0.0
 62 5736.067800 1.780E-25 0.000E+00.06030.081  333.33330.65-.011000                                                            333332523937 7 1 7     0.0    0.0
 61 5736.087590 8.727E-25 0.000E+00.06000.077  815.00000.85-.010900                                                            333333584842111010     0.0    0.0
 61 5736.114710 6.240E-24 0.000E+00.06000.077  815.00000.85-.010900                                                            333333584842111010     0.0    0.0
 61 5736.126500 8.797E-24 0.000E+00.05340.069  575.05570.85-.010900                                                            333333584842111010     0.0    0.0
 61 5736.146300 4.592E-24 0.000E+00.05000.067  689.95690.85-.010900                                                            333333584842111010     0.0    0.0
 61 5736.152880 8.589E-25 0.000E+00.06530.079  157.13890.85-.010900                                                            333333584842111010     0.0    0.0
 61 5736.210900 2.075E-24 0.000E+00.06000.077  815.00000.85-.010900                                                            333333584842111010     0.0    0.0
 61 5736.284720 6.506E-25 0.000E+00.06000.077  815.00000.85-.010900                                                            333333584842111010     0.0    0.0
 61 5736.309000 1.269E-24 0.000E+00.06310.076  293.15420.85-.010900                                                            333333584842111010     0.0    0.0
 61 5736.478000 4.639E-25 0.000E+00.06000.077  815.00000.85-.010900                                                            333333584842111010     0.0    0.0
 61 5736.538000 1.276E-24 0.000E+00.06310.076  219.91350.85-.010900                                                            333333584842111010     0.0    0.0
 61 5736.545680 2.001E-24 0.000E+00.06530.079  157.13720.85-.010900                                                            333333584842111010     0.0    0.0
 61 5736.625000 2.000E-25 0.000E+00.06000.077  815.00000.85-.010900                                                            333333584842111010     0.0    0.0
 61 5736.679380 3.204E-24 4.189E-03.06310.076  219.91510.85-.010900                   0 0 0 0 1A1    5F1121         6F2  1     333333584842111010    33.0   39.0
 61 5736.739490 3.093E-25 0.000E+00.06310.076  293.15420.85-.010900                                                            333333584842111010     0.0    0.0
 62 5736.843300 1.840E-24 0.000E+00.06440.078  219.94520.70-.011000                   0 0 0 0 1A1                   6          334432523937 7 1 7     0.0    0.0
 61 5737.040390 1.026E-23 0.000E+00.04600.064  814.64900.85-.010900                                                            333333584842111010     0.0    0.0
 61 5737.052800 1.836E-23 0.000E+00.04600.064  814.64620.85-.010900                                                            333333584842111010     0.0    0.0
 61 5737.140320 1.558E-24 1.494E-03.06440.078  219.94130.85-.010900                   0 0 0 0 1A1    7F2123         6F1  1     333333584842111010    45.0   39.0
 61 5737.173270 2.999E-24 0.000E+00.05650.071  470.85500.85-.010900                                                            333333584842111010     0.0    0.0
 61 5737.218560 7.349E-24 0.000E+00.05910.073  376.80480.85-.010900                                                            333333584842111010     0.0    0.0
 61 5737.306160 2.023E-24 0.000E+00.06000.077  815.00000.85-.010900                                                            333333584842111010     0.0    0.0
 61 5737.343150 2.668E-24 0.000E+00.05910.073  376.82630.85-.010900                                                            333333584842111010     0.0    0.0
 61 5737.391800 2.048E-23 0.000E+00.06310.076  219.91980.85-.010900                                                            333333584842111010     0.0    0.0
 61 5737.470000 6.108E-25 0.000E+00.06000.077  815.00000.85-.010900                                                            333333584842111010     0.0    0.0
 61 5737.563100 3.703E-25 0.000E+00.06000.077  815.00000.85-.010900                                                            333333584842111010     0.0    0.0
 61 5737.571340 2.000E-25 0.000E+00.06000.077  815.00000.85-.010900                                                            333333584842111010     0.0    0.0
 61 5737.612420 6.152E-24 0.000E+00.05340.069  575.25980.85-.010900                                                            333333584842111010     0.0    0.0
 61 5737.667000 8.221E-25 0.000E+00.06000.077  815.00000.85-.010900                                                            333333584842111010     0.0    0.0
 61 5737.686370 3.833E-24 0.000E+00.05340.069  575.18430.85-.010900                                                            333333584842111010     0.0    0.0
 61 5737.750150 1.420E-24 0.000E+00.05650.071  470.86510.85-.010900                                                            333333584842111010     0.0    0.0
 61 5737.783070 1.563E-24 0.000E+00.06000.077  815.00000.85-.010900                                                            333333584842111010     0.0    0.0
 61 5737.840980 4.723E-25 3.853E-04.06530.079  157.13890.85-.010900                   0 0 0 0 1A1    6F2115         5F1  2     333333584842111010    39.0   33.0
 61 5737.854790 2.849E-25 2.324E-04.06530.079  157.12430.85-.010900                   0 0 0 0 1A1    6F2115         5F1  1     333333584842111010    39.0   33.0
 61 5737.860000 2.000E-25 0.000E+00.06000.077  815.00000.85-.010900                                                            333333584842111010     0.0    0.0
 61 5737.937450 5.926E-25 0.000E+00.06000.077  815.00000.85-.010900                                                            333333584842111010     0.0    0.0
 61 5737.980630 3.193E-24 0.000E+00.06000.077  815.00000.85-.010900                                                            333333584842111010     0.0    0.0
 61 5738.047200 5.504E-23 1.132E-01.05910.073  376.80480.85-.010900                   0 0 0 0 1A1    7F2169         8F1  2     333333584842111010    45.0   51.0
 61 5738.096370 1.951E-24 0.000E+00.06000.077  815.00000.85-.010900                                                            333333584842111010     0.0    0.0
 61 5738.121160 5.786E-25 0.000E+00.06000.077  815.00000.85-.010900                                                            333333584842111010     0.0    0.0
 61 5738.249170 3.006E-24 0.000E+00.05340.069  575.25980.85-.010900                                                            333333584842111010     0.0    0.0
 61 5738.323800 5.460E-25 0.000E+00.06000.077  815.00000.85-.010900                                                            333333584842111010     0.0    0.0
 61 5738.338260 4.618E-24 0.000E+00.06000.077  815.00000.85-.010900                                                            333333584842111010     0.0    0.0
 61 5738.392490 3.455E-25 0.000E+00.06570.079  104.77600.85-.010900                                                            333333584842111010     0.0    0.0
 61 5738.493710 3.275E-25 0.000E+00.06530.079  157.12790.85-.010900                                                            333333584842111010     0.0    0.0
 62 5738.575300 7.160E-25 0.000E+00.06030.081  333.33330.65-.011000                                                            333332523937 7 1 7     0.0    0.0
 61 5738.713350 2.000E-25 0.000E+00.06000.077  815.00000.85-.010900                                                            333333584842111010     0.0    0.0
 61 5738.779100 5.398E-24 0.000E+00.05000.067  690.03970.85-.010900                                                            333333584842111010     0.0    0.0
 61 5738.790920 7.856E-25 1.028E-03.06310.076  219.93680.85-.010900                   0 0 0 0 1A1    5F1122         6F2  2     333333584842111010    33.0   39.0
 61 5738.812460 2.287E-24 2.993E-03.06310.076  219.91510.85-.010900                   0 0 0 0 1A1    5F1122         6F2  1     333333584842111010    33.0   39.0
 62 5738.942300 1.650E-25 0.000E+00.06030.081  333.33330.65-.011000                                                            333332523937 7 1 7     0.0    0.0
 61 5738.960000 3.547E-25 1.017E-03.05650.071  470.80530.85-.010900                   0 0 0 0 1A1    8F2200         9F1  2     333333584842111010    51.0   57.0
 62 5739.159600 2.640E-25 0.000E+00.06030.081  333.33330.65-.011000                                                            333332523937 7 1 7     0.0    0.0
 61 5739.172970 7.333E-24 0.000E+00.06130.075  376.78590.85-.010900                                                            333333584842111010     0.0    0.0
 61 5739.190990 4.620E-24 2.954E-02.05340.069  575.27190.85-.010900                   0 0 0 0 1A1    9E 155        10E   2     333333584842111010    38.0   42.0
 62 5739.320000 2.150E-25 0.000E+00.06030.081  333.33330.65-.011000                                                            333332523937 7 1 7     0.0    0.0
 61 5739.321000 4.105E-25 0.000E+00.06000.077  815.00000.85-.010900                                                            333333584842111010     0.0    0.0
 61 5739.338060 9.682E-25 1.267E-03.06310.076  219.94130.85-.010900                   0 0 0 0 1A1    5F2117         6F1  1     333333584842111010    33.0   39.0
 61 5739.377160 2.087E-24 0.000E+00.06000.077  815.00000.85-.010900                                                            333333584842111010     0.0    0.0
 61 5739.622000 3.643E-25 0.000E+00.06440.078  219.91350.85-.010900                                                            333333584842111010     0.0    0.0
 61 5739.690580 9.566E-23 1.512E-01.06130.075  293.12300.85-.010900                   0 0 0 0 1A1    6F2148         7F1  1     333333584842111010    39.0   45.0
 61 5739.847550 3.942E-23 1.217E-01.05910.073  376.82130.85-.010900                   0 0 0 0 1A1    7E 113         8E   2     333333584842111010    30.0   34.0
 61 5739.932000 3.114E-25 0.000E+00.06000.077  815.00000.85-.010900                                                            333333584842111010     0.0    0.0
 61 5740.012000 2.000E-25 0.000E+00.06000.077  815.00000.85-.010900                                                            333333584842111010     0.0    0.0
 62 5740.018100 9.880E-26 0.000E+00.06030.081  333.33330.65-.011000                                                            333332523937 7 1 7     0.0    0.0
 61 5740.149770 2.493E-23 2.035E-02.06530.079  157.12790.85-.010900                   0 0 0 0 1A1    6F1111         5F2  1     333333584842111010    39.0   33.0
 61 5740.232000 6.428E-25 0.000E+00.06000.077  815.00000.85-.010900                                                            333333584842111010     0.0    0.0
 61 5740.243170 2.000E-25 0.000E+00.06000.077  815.00000.85-.010900                                                            333333584842111010     0.0    0.0
 61 5740.262550 9.348E-25 0.000E+00.06000.077  815.00000.85-.010900                                                            333333584842111010     0.0    0.0
 61 5740.287540 2.712E-24 0.000E+00.06000.077  815.00000.85-.010900                                                            333333584842111010     0.0    0.0
 61 5740.310540 9.966E-25 0.000E+00.06000.077  815.00000.85-.010900                                                            333333584842111010     0.0    0.0
 61 5740.397260 2.568E-24 0.000E+00.06000.077  815.00000.85-.010900                                                            333333584842111010     0.0    0.0
 61 5740.439190 4.326E-24 0.000E+00.06000.077  815.00000.85-.010900                                                            333333584842111010     0.0    0.0
 61 5740.457930 9.435E-23 1.492E-01.06130.075  293.12660.85-.010900                   0 0 0 0 1A1    6F1142         7F2  1     333333584842111010    39.0   45.0
 61 5740.497040 3.576E-24 0.000E+00.06440.078  219.94130.85-.010900                                                            333333584842111010     0.0    0.0
 61 5740.561770 2.402E-23 1.961E-02.06530.079  157.12430.85-.010900                   0 0 0 0 1A1    6F2116         5F1  1     333333584842111010    39.0   33.0
 62 5740.605000 2.220E-25 0.000E+00.06030.081  333.33330.65-.011000                                                            333332523937 7 1 7     0.0    0.0
 61 5740.642540 1.526E-24 0.000E+00.06000.077  815.00000.85-.010900                                                            333333584842111010     0.0    0.0
 61 5740.694830 4.721E-25 0.000E+00.06000.077  815.00000.85-.010900                                                            333333584842111010     0.0    0.0
 61 5740.757680 3.447E-24 0.000E+00.06000.077  815.00000.85-.010900                                                            333333584842111010     0.0    0.0
 61 5740.838660 3.506E-24 0.000E+00.05910.073  470.83100.85-.010900                                                            333333584842111010     0.0    0.0
 61 5740.877760 1.283E-24 0.000E+00.06530.079  157.13890.85-.010900                                                            333333584842111010     0.0    0.0
 61 5740.886410 7.622E-25 0.000E+00.06000.077  815.00000.85-.010900                                                            333333584842111010     0.0    0.0
 61 5740.892210 3.144E-24 0.000E+00.06530.079  157.12430.85-.010900                                                            333333584842111010     0.0    0.0
 61 5740.904600 5.825E-23 1.199E-01.05910.073  376.82630.85-.010900                   0 0 0 0 1A1    7F1174         8F2  2     333333584842111010    45.0   51.0
 62 5740.910500 1.650E-25 0.000E+00.06030.081  333.33330.65-.011000                                                            333332523937 7 1 7     0.0    0.0
 61 5740.972690 6.767E-25 0.000E+00.06000.077  815.00000.85-.010900                                                            333333584842111010     0.0    0.0
 61 5741.015410 8.402E-25 0.000E+00.05650.071  470.85500.85-.010900                                                            333333584842111010     0.0    0.0
 61 5741.066050 2.815E-24 0.000E+00.05650.071  470.80530.85-.010900                                                            333333584842111010     0.0    0.0
 61 5741.091870 4.182E-25 0.000E+00.06000.077  815.00000.85-.010900                                                            333333584842111010     0.0    0.0
 61 5741.228000 2.022E-25 0.000E+00.06000.077  815.00000.85-.010900                                                            333333584842111010     0.0    0.0
 62 5741.423200 1.300E-25 0.000E+00.06030.081  333.33330.65-.011000                                                            333332523937 7 1 7     0.0    0.0
 61 5741.455400 4.333E-24 0.000E+00.05650.071  470.79900.85-.010900                                                            333333584842111010     0.0    0.0
 62 5741.516000 1.350E-25 0.000E+00.06030.081  333.33330.65-.011000                                                            333332523937 7 1 7     0.0    0.0
 61 5741.518340 2.275E-25 0.000E+00.06000.077  815.00000.85-.010900                                                            333333584842111010     0.0    0.0
 61 5741.549000 7.549E-25 0.000E+00.06530.079  157.13720.85-.010900                                                            333333584842111010     0.0    0.0
 61 5741.647110 1.730E-24 0.000E+00.06130.075  376.73570.85-.010900                                                            333333584842111010     0.0    0.0
 62 5741.656100 1.610E-25 0.000E+00.06030.081  333.33330.65-.011000                                                            333332523937 7 1 7     0.0    0.0
 61 5741.835510 7.929E-25 0.000E+00.03690.058 1251.29150.85-.010900                                                            333333584842111010     0.0    0.0
 61 5741.888820 2.000E-25 0.000E+00.06000.077  815.00000.85-.010900                                                            333333584842111010     0.0    0.0
 61 5741.960000 2.672E-25 0.000E+00.06000.077  815.00000.85-.010900                                                            333333584842111010     0.0    0.0
 62 5741.977300 4.120E-25 0.000E+00.06030.081  333.33330.65-.011000                                                            333332523937 7 1 7     0.0    0.0
 61 5742.157800 1.035E-24 0.000E+00.06000.077  815.00000.85-.010900                                                            333333584842111010     0.0    0.0
 61 5742.180010 3.493E-24 0.000E+00.06000.077  815.00000.85-.010900                                                            333333584842111010     0.0    0.0
 62 5742.190000 1.430E-25 0.000E+00.06030.081  333.33330.65-.011000                                                            333332523937 7 1 7     0.0    0.0
 61 5742.207430 2.537E-24 0.000E+00.05910.073  470.83100.85-.010900                                                            333333584842111010     0.0    0.0
 61 5742.292640 5.395E-24 0.000E+00.05340.069  575.27190.85-.010900                                                            333333584842111010     0.0    0.0
 61 5742.305140 6.022E-24 0.000E+00.05650.071  470.87290.85-.010900                                                            333333584842111010     0.0    0.0
 61 5742.320550 2.288E-24 0.000E+00.06000.077  815.00000.85-.010900                                                            333333584842111010     0.0    0.0
 61 5742.354370 1.839E-24 0.000E+00.06000.077  815.00000.85-.010900                                                            333333584842111010     0.0    0.0
 61 5742.388560 1.960E-24 0.000E+00.06000.077  815.00000.85-.010900                                                            333333584842111010     0.0    0.0
 61 5742.438750 3.060E-24 0.000E+00.05650.071  470.80530.85-.010900                                                            333333584842111010     0.0    0.0
 62 5742.456200 1.520E-25 0.000E+00.06030.081  333.33330.65-.011000                                                            333332523937 7 1 7     0.0    0.0
 61 5742.502580 1.594E-24 0.000E+00.06000.077  815.00000.85-.010900                                                            333333584842111010     0.0    0.0
 61 5742.520100 4.433E-25 0.000E+00.06000.077  815.00000.85-.010900                                                            333333584842111010     0.0    0.0
 61 5742.532000 6.644E-25 0.000E+00.06000.077  815.00000.85-.010900                                                            333333584842111010     0.0    0.0
 61 5742.596630 2.452E-24 0.000E+00.06530.079  157.12790.85-.010900                                                            333333584842111010     0.0    0.0
 61 5742.689680 8.895E-24 0.000E+00.05340.069  575.28540.85-.010900                                                            333333584842111010     0.0    0.0
 61 5742.800500 6.595E-24 0.000E+00.05000.067  689.95690.85-.010900                                                            333333584842111010     0.0    0.0
 61 5742.858000 7.678E-25 0.000E+00.06000.077  815.00000.85-.010900                                                            333333584842111010     0.0    0.0
 61 5742.895220 6.841E-25 0.000E+00.06000.077  815.00000.85-.010900                                                            333333584842111010     0.0    0.0
 61 5742.921390 8.139E-25 0.000E+00.05340.069  575.05270.85-.010900                                                            333333584842111010     0.0    0.0
 61 5742.961000 3.236E-25 0.000E+00.06000.077  815.00000.85-.010900                                                            333333584842111010     0.0    0.0
 62 5743.027500 7.430E-25 0.000E+00.06030.081  333.33330.65-.011000                                                            333332523937 7 1 7     0.0    0.0
 61 5743.029480 4.137E-24 0.000E+00.05340.069  575.27190.85-.010900                                                            333333584842111010     0.0    0.0
 62 5743.088500 9.800E-25 0.000E+00.06310.076  293.15420.70-.011000                   0 0 0 0 1A1                   7          334432523937 7 1 7     0.0    0.0
 61 5743.250000 6.079E-25 0.000E+00.06000.077  815.00000.85-.010900                                                            333333584842111010     0.0    0.0
 61 5743.298000 3.751E-25 0.000E+00.06000.077  815.00000.85-.010900                                                            333333584842111010     0.0    0.0
 61 5743.342860 1.192E-24 0.000E+00.06000.077  815.00000.85-.010900                                                            333333584842111010     0.0    0.0
 61 5743.368550 2.491E-24 0.000E+00.06000.077  815.00000.85-.010900                                                            333333584842111010     0.0    0.0
 61 5743.428000 3.804E-25 0.000E+00.06000.077  815.00000.85-.010900                                                            333333584842111010     0.0    0.0
 61 5743.477220 6.917E-25 0.000E+00.06000.077  815.00000.85-.010900                                                            333333584842111010     0.0    0.0
 61 5743.509460 5.674E-25 0.000E+00.06000.077  815.00000.85-.010900                                                            333333584842111010     0.0    0.0
 61 5743.559480 1.114E-24 0.000E+00.06310.076  219.94130.85-.010900                                                            333333584842111010     0.0    0.0
 61 5743.574720 3.526E-24 6.932E-03.06310.076  219.91350.85-.010900                   0 0 0 0 1A1    5E  79         6E   1     333333584842111010    22.0   26.0
 61 5743.601940 2.748E-24 0.000E+00.06000.077  815.00000.85-.010900                                                            333333584842111010     0.0    0.0
 61 5743.654270 2.914E-25 0.000E+00.06310.076  219.93680.85-.010900                                                            333333584842111010     0.0    0.0
 61 5743.675240 2.895E-24 3.795E-03.06310.076  219.91510.85-.010900                   0 0 0 0 1A1    5F1123         6F2  1     333333584842111010    33.0   39.0
 61 5743.726100 1.870E-24 0.000E+00.06000.077  815.00000.85-.010900                                                            333333584842111010     0.0    0.0
 61 5743.900180 1.055E-23 0.000E+00.06440.078  219.91980.85-.010900                                                            333333584842111010     0.0    0.0
 61 5743.949930 3.266E-25 0.000E+00.06000.077  815.00000.85-.010900                                                            333333584842111010     0.0    0.0
 61 5744.019600 2.994E-24 0.000E+00.06000.077  815.00000.85-.010900                                                            333333584842111010     0.0    0.0
 61 5744.048660 3.024E-23 1.745E-02.06440.078  219.94520.85-.010900                   0 0 0 0 1A1    7A2 44         6A1  1     333333584842111010    75.0   65.0
 61 5744.146700 1.016E-24 0.000E+00.06000.077  815.00000.85-.010900                                                            333333584842111010     0.0    0.0
 61 5744.164650 1.231E-24 0.000E+00.06000.077  815.00000.85-.010900                                                            333333584842111010     0.0    0.0
 62 5744.177200 1.780E-25 0.000E+00.06030.081  333.33330.65-.011000                                                            333332523937 7 1 7     0.0    0.0
 61 5744.189910 7.227E-24 0.000E+00.05650.071  575.22290.85-.010900                                                            333333584842111010     0.0    0.0
 61 5744.257000 1.045E-24 0.000E+00.06000.077  815.00000.85-.010900                                                            333333584842111010     0.0    0.0
 61 5744.290010 2.837E-24 0.000E+00.06000.077  815.00000.85-.010900                                                            333333584842111010     0.0    0.0
 61 5744.305240 5.088E-24 0.000E+00.06000.077  815.00000.85-.010900                                                            333333584842111010     0.0    0.0
 62 5744.315600 2.380E-25 0.000E+00.06030.081  333.33330.65-.011000                                                            333332523937 7 1 7     0.0    0.0
 61 5744.335790 2.191E-24 0.000E+00.06440.078  219.91510.85-.010900                                                            333333584842111010     0.0    0.0
 61 5744.402270 1.387E-23 0.000E+00.05910.073  470.87290.85-.010900                                                            333333584842111010     0.0    0.0
 62 5744.413300 6.460E-25 0.000E+00.06030.081  333.33330.65-.011000                                                            333332523937 7 1 7     0.0    0.0
 61 5744.570710 2.679E-24 0.000E+00.06000.077  815.00000.85-.010900                                                            333333584842111010     0.0    0.0
 61 5744.708480 2.429E-24 0.000E+00.06000.077  815.00000.85-.010900                                                            333333584842111010     0.0    0.0
 61 5744.722310 1.329E-23 0.000E+00.05650.071  470.87290.85-.010900                                                            333333584842111010     0.0    0.0
 61 5744.745980 2.080E-24 0.000E+00.06000.077  815.00000.85-.010900                                                            333333584842111010     0.0    0.0
 61 5744.843480 1.600E-24 0.000E+00.06000.077  815.00000.85-.010900                                                            333333584842111010     0.0    0.0
 61 5744.886000 6.760E-24 0.000E+00.05910.073  470.83100.85-.010900                                                            333333584842111010     0.0    0.0
 61 5744.902840 1.780E-24 0.000E+00.05650.071  575.22290.85-.010900                                                            333333584842111010     0.0    0.0
 61 5744.915770 1.523E-24 0.000E+00.05650.071  575.22290.85-.010900                                                            333333584842111010     0.0    0.0
 61 5744.963800 1.010E-24 0.000E+00.06440.078  219.94520.85-.010900                                                            333333584842111010     0.0    0.0
 61 5744.985600 9.699E-24 0.000E+00.06310.076  219.93680.85-.010900                                                            333333584842111010     0.0    0.0
 61 5744.995020 5.548E-24 0.000E+00.06310.080    0.00000.85-.010900                                                            333333584842111010     0.0    0.0
 61 5745.032000 1.831E-24 0.000E+00.06000.077  815.00000.85-.010900                                                            333333584842111010     0.0    0.0
 61 5745.157030 3.025E-24 0.000E+00.05910.073  470.86510.85-.010900                                                            333333584842111010     0.0    0.0
 61 5745.191830 4.839E-24 9.977E-03.05910.073  376.80480.85-.010900                   0 0 0 0 1A1    7F2171         8F1  2     333333584842111010    45.0   51.0
 61 5745.216330 8.425E-25 0.000E+00.06000.077  815.00000.85-.010900                                                            333333584842111010     0.0    0.0
 61 5745.244370 1.494E-23 1.960E-02.06310.076  219.94130.85-.010900                   0 0 0 0 1A1    5F2119         6F1  1     333333584842111010    33.0   39.0
 61 5745.266920 9.229E-25 0.000E+00.06000.077  815.00000.85-.010900                                                            333333584842111010     0.0    0.0
 61 5745.304580 1.308E-24 0.000E+00.05910.073  470.83100.85-.010900                                                            333333584842111010     0.0    0.0
 62 5745.320800 5.670E-25 0.000E+00.06030.081  333.33330.65-.011000                                                            333332523937 7 1 7     0.0    0.0
 61 5745.356000 7.171E-25 0.000E+00.06000.077  815.00000.85-.010900                                                            333333584842111010     0.0    0.0
 62 5745.372900 4.410E-25 0.000E+00.06030.081  333.33330.65-.011000                                                            333332523937 7 1 7     0.0    0.0
 61 5745.401000 9.432E-25 2.916E-03.05910.073  376.73570.85-.010900                   0 0 0 0 1A1    7E 114         8E   1     333333584842111010    30.0   34.0
 61 5745.412000 8.444E-25 0.000E+00.06000.077  815.00000.85-.010900                                                            333333584842111010     0.0    0.0
 61 5745.448240 1.160E-24 0.000E+00.06130.075  376.73040.85-.010900                                                            333333584842111010     0.0    0.0
 61 5745.497310 4.945E-24 0.000E+00.05910.073  470.85500.85-.010900                                                            333333584842111010     0.0    0.0
 61 5745.553560 4.791E-23 3.771E-02.06310.076  219.94520.85-.010900                   0 0 0 0 1A1    5A2 42         6A1  1     333333584842111010    55.0   65.0
 62 5745.634800 1.330E-25 0.000E+00.06030.081  333.33330.65-.011000                                                            333332523937 7 1 7     0.0    0.0
 61 5745.659130 4.285E-25 0.000E+00.06000.077  815.00000.85-.010900                                                            333333584842111010     0.0    0.0
 61 5745.754370 6.579E-24 0.000E+00.05340.069  575.25980.85-.010900                                                            333333584842111010     0.0    0.0
 61 5745.783620 1.858E-24 0.000E+00.06000.077  815.00000.85-.010900                                                            333333584842111010     0.0    0.0
 61 5745.832000 3.628E-24 0.000E+00.06000.077  815.00000.85-.010900                                                            333333584842111010     0.0    0.0
 61 5745.844000 5.314E-24 0.000E+00.06000.077  815.00000.85-.010900                                                            333333584842111010     0.0    0.0
 61 5745.963000 1.574E-24 0.000E+00.06000.077  815.00000.85-.010900                                                            333333584842111010     0.0    0.0
 61 5745.987990 8.285E-24 0.000E+00.05650.071  470.71700.85-.010900                                                            333333584842111010     0.0    0.0
