 11 5720.008207 5.035E-28 7.197E-02.05470.352 2724.04130.61-.012209          1 0 1          0 1 0  8  5  4        7  5  3      4642234433257122 7    17.0   15.0
 13 5720.042318 2.480E-29 1.151E+00.04300.250 2625.53830.410.000000         -2-2-2          0 0 0 14 -2 -1       13  5  8      0622234636917122 0   522.0  486.0
 14 5720.075277 3.713E-29 4.286E-03.05520.315 1082.78490.55-.007328          0 4 0          0 0 0  9  5  4        9  5  5      4641035041287122 8   114.0  114.0
 11 5720.351366 1.893E-29 1.662E-01.04380.281 3650.50830.47-.013819          1 2 0          0 1 0 12  6  6       11  5  7      3442334432297122 9    25.0   23.0
 11 5720.541011 1.460E-27 6.962E-02.05320.352 2724.16700.61-.016087          1 0 1          0 1 0  8  5  3        7  5  2      4642234433257122 7    51.0   45.0
 14 5720.569102 9.075E-29 2.151E-02.07460.281 1287.23870.47-.019992          1 2 0          0 0 0 12  4  8       11  4  7      3641035041297122 7   150.0  138.0
 11 5720.585080 2.323E-25 3.849E-03.06050.265 1059.83530.61-.010647          0 1 1          0 0 0  7  7  1        7  5  2      574623303330572210    45.0   45.0
 11 5720.586030 3.644E-26 2.820E-03.04990.298 1446.12790.51-.003913          1 1 0          0 0 0 10  6  5       10  3  8      4642234433287122 8    63.0   63.0
 11 5720.591515 1.960E-28 2.035E-04.06300.281 1998.99480.47-.011629          0 3 0          0 0 0 11  8  3       11  5  6      4442334432297122 8    69.0   69.0
 11 5720.666972 5.293E-28 4.472E-02.03580.235 2739.42770.400.008524          0 3 0          0 0 0 15  6 10       14  3 11      3542234433297122 9    31.0   29.0
 12 5720.691138 1.620E-26 1.323E-01.08270.450  879.49480.570.000400          0 1 1          0 0 0  9  3  6        8  1  7      3655415436676622 6    19.0   17.0
 11 5720.773659 7.740E-26 3.844E-03.04680.258 1059.64660.61-.009741          0 1 1          0 0 0  7  7  0        7  5  3      474523443330572210    15.0   15.0
 14 5720.806878 3.598E-29 1.208E-04.09500.371  306.31470.63-.009940          2 0 0          0 0 0  7  4  3        6  0  6      5641035041287122 8    90.0   78.0
 11 5720.866460 5.167E-28 9.725E-03.08360.391 2251.69530.67-.014499          0 0 2          0 1 0  6  1  5        5  4  2      4442234433287122 8    13.0   11.0
 14 5721.142400 1.392E-29 3.075E-05.09150.412  156.38230.690.002972          0 4 0          0 0 0  5  3  3        4  1  4      2641035141257122 7    66.0   54.0
 14 5721.146189 4.587E-29 2.024E-04.08700.371  362.50720.630.000524          0 4 0          0 0 0  7  3  4        6  1  5      2641035141257122 7    90.0   78.0
 11 5721.201817 5.363E-29 5.099E-02.05020.298 3383.26510.51-.011603          0 2 1          0 1 0 10  7  3       10  5  6      444233443230712210    63.0   63.0
 14 5721.253218 1.516E-29 3.386E-03.05070.298 1239.08910.51-.015076          0 4 0          0 0 0 10  5  6       10  5  5      3641035041297122 9   126.0  126.0
 13 5721.280450 1.310E-26 5.109E-02.07720.417  584.94090.61-.005729          0 1 1          0 0 0  8  2  6        7  0  7      565540303667662223   306.0  270.0
 11 5721.386013 1.039E-28 3.364E-02.06020.315 3141.04570.55-.012237          0 2 1          0 1 0  9  7  3        9  5  4      444233443230712210    57.0   57.0
 14 5721.645524 4.308E-28 2.317E-02.07500.298  964.85050.51-.009424          0 4 0          0 0 0 11  2  9       10  2  8      3641035041297122 8   138.0  126.0
 14 5721.647092 1.516E-29 3.382E-03.05070.298 1238.79430.51-.005132          0 4 0          0 0 0 10  5  5       10  5  6      4641035041287122 8   126.0  126.0
 14 5721.680112 1.280E-29 9.283E-05.08720.352  490.42740.61-.002168          0 4 0          0 0 0  8  3  5        7  2  6      2541035141287122 7   102.0   90.0
 12 5721.802580 3.180E-26 6.021E-02.07300.379  500.59620.67-.008899          0 1 1          0 0 0  6  5  2        5  3  3      566440303667662223    13.0   11.0
 11 5721.966827 5.130E-26 3.627E-03.05560.298 1446.12790.510.006071          0 3 0          0 0 0 11  6  5       10  3  8      3644234433285722 8    69.0   63.0
 12 5721.990410 3.150E-29 2.815E-02.08670.391 1993.27710.67-.004769          2 0 0          0 1 0  6  2  5        5  1  4      5642834836257122 7    39.0   33.0
 11 5722.037489 2.088E-29 2.271E-03.06180.315 2690.59380.55-.020293          1 0 1          0 1 0  9  2  7        9  2  8      4442334432287122 8    19.0   19.0
 11 5722.356018 7.584E-29 8.555E-04.08110.371 2146.26370.63-.003211          0 2 1          0 1 0  6  5  2        6  1  5      444233443230712210    13.0   13.0
 12 5722.394629 2.590E-29 6.760E+00.05750.219 3352.81030.37-.014772          0 1 1          0 0 0 16  5 11       15  5 10      464443543631572211    99.0   93.0
 11 5722.402859 2.622E-28 7.179E+00.01800.183 4201.85550.33-.017872          0 1 1          0 0 0 19  4 16       18  4 15      344233443231712211   117.0  111.0
 14 5722.452041 9.520E-29 1.519E-02.04540.265 1221.53720.44-.011644          0 4 0          0 0 0 13  2 12       12  2 11      2641035141297122 7   162.0  150.0
 11 5722.457379 1.446E-26 7.103E+00.05250.235 3101.43980.40-.026172          0 1 1          0 0 0 15  6  9       14  6  8      374223443331712211    31.0   29.0
 11 5722.457842 1.202E-23 3.050E-02.08000.359  383.84250.69-.008209          0 1 1          0 0 0  5  5  0        4  3  1      475520443367662223    11.0    9.0
 14 5722.648949 1.199E-28 3.877E-03.06190.315  841.36750.55-.011340          2 0 0          0 0 0 10  5  6        9  3  7      5641035041287122 8   126.0  114.0
 12 5722.708020 2.610E-29 2.482E-01.06800.290 2308.90600.610.001781          0 2 1          0 1 0  8  4  5        7  2  6      5545334836285722 7    17.0   15.0
 12 5722.714631 1.650E-29 7.321E+00.05590.195 3461.96610.37-.026872          0 1 1          0 0 0 16  6 10       15  6  9      464433543631572211    99.0   93.0
 11 5722.741010 8.333E-29 1.827E-04.08770.391 2000.86290.67-.001793          0 2 1          0 1 0  5  5  1        5  1  4      444233443230712210    33.0   33.0
 11 5722.778419 8.182E-27 2.649E-02.08790.296 1813.78760.71-.009186          1 0 1          0 1 0  4  2  3        3  2  2      4643234433255722 7     9.0    7.0
 11 5722.794216 1.740E-28 1.474E-02.06090.298 2904.42800.51-.012953          1 2 0          0 1 0 11  3  8       10  2  9      3442334432287122 8    69.0   63.0
 11 5722.899530 1.107E-29 6.126E-01.06380.250 4285.64650.41-.019232          1 2 0          0 1 0 14  6  9       13  5  8      3442334432297122 9    87.0   81.0
 11 5722.956853 3.463E-29 3.340E-02.05160.315 3139.47560.55-.010837          0 2 1          0 1 0  9  7  2        9  5  5      444233443230712210    19.0   19.0
 14 5723.009333 1.007E-29 6.633E-02.02700.281 1971.03020.47-.026340          2 0 0          0 0 0 12  9  4       11  8  3      3641035041297122 9   150.0  138.0
 14 5723.010105 1.007E-29 6.633E-02.03950.281 1971.03000.47-.026280          2 0 0          0 0 0 12  9  3       11  8  4      3641035041297122 9   150.0  138.0
 11 5723.024900 9.932E-28 5.789E-03.09650.434 1813.78760.71-.009187          0 0 2          0 1 0  2  1  1        3  2  2      3742234433257122 7     5.0    7.0
 11 5723.184570 1.158E-23 3.130E-01.08660.431  982.91160.570.001290          0 1 1          0 0 0  9  4  5        8  2  6      575521303367662223    19.0   17.0
 11 5723.220356 2.327E-26 4.586E-02.06250.371 2042.75330.63-.011016          2 0 0          0 1 0  7  0  7        6  1  6      4742234433257122 7    45.0   39.0
 14 5723.242992 2.104E-28 2.200E-02.06480.315 1082.78490.55-.012444          1 2 0          0 0 0 10  5  6        9  5  5      4641035041287122 8   126.0  114.0
 14 5723.259552 2.375E-29 7.222E-05.09100.391  221.94620.67-.003500          1 2 0          0 0 0  5  3  2        5  0  5      5641035041287122 8    66.0   66.0
 14 5723.309905 1.307E-29 7.623E-02.01780.315 1889.50750.55-.016064          1 2 0          0 0 0  9  9  1        9  9  0      3641035041297122 9   114.0  114.0
 14 5723.309930 1.307E-29 7.623E-02.01780.315 1889.50750.55-.016120          1 2 0          0 0 0  9  9  0        9  9  1      3641035041297122 9   114.0  114.0
 14 5723.348631 2.105E-28 2.202E-02.06510.315 1082.88650.55-.010744          1 2 0          0 0 0 10  5  5        9  5  4      3641035041257122 8   126.0  114.0
 11 5723.454219 6.673E-27 2.646E-04.06540.281 1327.10960.47-.015284          1 1 0          0 0 0 11  3  8       11  0 11      4642234433287122 8    69.0   69.0
 11 5723.488856 1.992E-27 2.510E+00.02020.265 3266.76380.44-.015177          0 1 1          0 0 0 13 10  3       12 10  2      374223443331712211    27.0   25.0
 11 5723.489225 5.976E-27 2.510E+00.02050.265 3266.76300.44-.016240          0 1 1          0 0 0 13 10  4       12 10  3      374223443331712211    81.0   75.0
 11 5723.578754 2.615E-29 1.008E-01.06250.371 3601.85840.63-.011016          2 1 0          0 2 0  7  0  7        6  1  6      4442234432257122 7    45.0   39.0
 11 5723.626700 9.000E-29 7.374E+00.01970.183 4201.24850.33-.008372          0 1 1          0 0 0 19  3 16       18  3 15      344233443231712211    39.0   37.0
 11 5723.654110 4.969E-29 1.845E-02.05510.333 2920.13210.57-.010708          0 2 1          0 1 0  8  7  2        8  5  3      444233443230712210    17.0   17.0
 11 5723.746998 1.863E-29 6.563E-04.05500.298 2705.13920.51-.004282          1 2 0          0 1 0 10  4  7       10  1 10      4442334432287122 8    63.0   63.0
 11 5723.779870 3.611E-23 3.036E-02.07220.347  382.51690.69-.007159          0 1 1          0 0 0  5  5  1        4  3  2      575421303367662223    33.0   27.0
 11 5723.781079 5.127E-28 6.551E-06.06880.333 1006.11570.57-.011992          0 4 0          0 0 0  7  0  7        8  3  6      4542234433287122 7    45.0   51.0
 13 5723.816763 2.000E-29 1.409E-01.05010.281 1980.82350.470.000000         -2-2-2          0 0 0 12 -2 -2       11  5  7      0622234636917122 0   150.0  138.0
 14 5723.961183 6.886E-29 1.092E-02.04900.265 1220.02890.44-.011848          0 4 0          0 0 0 13  2 12       12  1 11      2641035141297122 8   162.0  150.0
 11 5724.154338 1.490E-28 1.840E-02.05740.333 2919.63230.57-.009592          0 2 1          0 1 0  8  7  1        8  5  4      444233443230712210    51.0   51.0
 11 5724.194805 1.353E-29 1.527E-04.07950.371 2146.26370.63-.007145          1 0 1          0 1 0  6  3  4        6  1  5      4442334432257122 7    13.0   13.0
 11 5724.364222 7.994E-27 4.706E-02.06420.207 2041.78050.63-.009923          2 0 0          0 1 0  7  1  7        6  0  6      4743234433255722 7    15.0   13.0
 11 5724.408852 5.109E-27 1.187E-02.09370.456 1693.64990.72-.009228          1 0 1          0 1 0  3  1  2        2  1  1      3542234433257122 7     7.0    5.0
 11 5724.458968 8.229E-29 3.090E-05.05180.250 1806.66940.41-.005880          1 1 0          0 0 0 12  5  8       13  0 13      4442334432297122 8    75.0   81.0
 11 5724.585870 1.271E-28 6.878E-03.06050.352 2724.16700.61-.010647          0 2 1          0 1 0  7  7  1        7  5  2      344233443230712210    45.0   45.0
 11 5724.658773 1.365E-26 3.981E-05.08120.364  446.69660.63-.004118          1 1 0          0 0 0  6  5  1        6  0  6      4745234433285722 8    13.0   13.0
 11 5724.711013 4.234E-29 6.870E-03.04680.352 2724.04130.61-.009741          0 2 1          0 1 0  7  7  0        7  5  3      344233443230712210    15.0   15.0
 11 5724.738425 1.012E-26 2.263E-02.07630.412 2004.81540.69-.011640          1 0 1          0 1 0  5  3  3        4  3  2      4542234433257122 7    33.0   27.0
 11 5724.742075 3.700E-27 7.344E+00.03080.208 3639.53690.35-.013672          0 1 1          0 0 0 17  5 13       16  5 12      374223443331712211   105.0   99.0
 11 5724.827214 7.494E-25 7.280E-04.08700.392  446.51070.670.002000          1 1 0          0 0 0  6  5  2        5  2  3      465520443311572246    39.0   33.0
 11 5724.943324 5.648E-29 6.286E-02.03510.221 3269.53860.37-.012572          0 1 1          0 0 0 15  7  8       15  5 11      344233443231712211    31.0   31.0
 11 5724.951560 7.288E-23 1.029E-01.07470.394  552.91140.63-.001199          0 1 1          0 0 0  7  4  4        6  2  5      578421303382662234    45.0   39.0
 13 5724.989032 1.210E-29 3.118E-02.08200.347 1738.02760.72-.004999          2 0 0          0 1 0  3  3  0        2  2  1      564440463611572245   126.0   90.0
 13 5725.002329 1.240E-29 1.130E-01.07600.350 2125.17870.67-.016999          0 2 1          0 1 0  6  5  1        5  3  2      565540463611572245   234.0  198.0
 11 5725.159505 1.587E-29 7.055E-02.09200.434 3299.99100.71-.008387          1 1 1          0 2 0  4  1  4        3  1  3      4442334432257122 7     9.0    7.0
 14 5725.328494 1.314E-29 1.036E-03.07580.298 1024.56840.510.001876          0 4 0          0 0 0 10  4  6       10  3  7      3641035041297122 8   126.0  126.0
 11 5725.406552 8.073E-29 2.602E-05.07160.298 1718.71850.51-.020132          0 4 0          0 0 0  9  2  7       10  5  6      4442334432287122 8    57.0   63.0
 13 5725.629922 8.650E-29 1.248E-03.07190.371  601.98440.630.000000         -2-2-2          0 0 0  7 -1 -1        6  2  4      0522234636917122 0    90.0   78.0
 11 5725.643365 6.371E-29 3.428E-03.02220.221 2872.27310.370.000000          1 1 0          0 0 0 15  5 10       15  2 13      2442334432317122 0    93.0   93.0
 14 5725.721704 1.171E-29 4.543E-04.07200.333  809.39330.57-.009844          0 4 0          0 0 0  7  5  3        8  4  4      4641035041287122 8    90.0  102.0
 11 5725.750100 1.648E-26 5.963E+00.03420.227 3264.33620.40-.017772          0 1 1          0 0 0 15  7  9       14  7  8      374423443331572211    93.0   87.0
 13 5725.756005 1.340E-29 2.575E-03.06700.352 1386.44100.610.000000         -2-2-2          0 0 0  8 -2 -1        7  7  0      0422234636917122 0   306.0  270.0
 14 5725.820664 1.569E-29 1.609E-02.07030.250 1618.70040.41-.016808          1 2 0          0 0 0 14  3 11       13  3 10      2641035141297122 9   174.0  162.0
 11 5725.840096 7.831E-27 2.803E-02.08960.497 1875.46930.69-.005535          2 0 0          0 1 0  5  2  4        4  1  3      4744234433255722 7    11.0    9.0
 13 5726.029954 1.050E-28 5.206E-02.05810.315 1624.88710.550.000000         -2-2-2          0 0 0 10 -1 -2        9  6  3      0622234636917122 0   378.0  342.0
 11 5726.040918 6.768E-29 8.004E-03.01780.281 2972.82810.47-.015958          0 3 0          0 0 0 11 11  0       11 10  1      3442334432297122 9    69.0   69.0
 11 5726.040941 2.256E-29 8.004E-03.01780.281 2972.82810.47-.015937          0 3 0          0 0 0 11 11  1       11 10  2      2442334432297122 9    23.0   23.0
 13 5726.191528 3.470E-29 5.158E-02.05810.315 1624.73840.550.000000         -2-2-2          0 0 0 10 -1 -1        9  6  4      0622234636917122 0   126.0  114.0
 11 5726.199561 1.163E-29 6.001E-02.07560.412 3597.86620.69-.007712          0 3 1          0 2 0  5  5  1        4  3  2      4442334432257122 7    33.0   27.0
 11 5726.219689 3.890E-25 2.196E-04.08360.369  300.36230.69-.004327          1 1 0          0 0 0  5  5  0        4  2  3      4647234433285722 8    33.0   27.0
 12 5726.523610 3.350E-29 2.248E-02.08320.363 1899.60930.69-.011205          1 0 1          0 1 0  5  2  4        4  2  3      5545434836255722 7    33.0   27.0
 11 5726.525739 4.019E-29 7.051E-02.09330.434 3334.62650.71-.006595          2 1 0          0 2 0  4  2  3        3  1  2      4442334432257122 7    27.0   21.0
 14 5726.552745 1.179E-29 4.557E-04.07900.333  808.56290.57-.007544          0 4 0          0 0 0  7  5  2        8  4  5      4641035041257122 7    90.0  102.0
 11 5726.592079 1.524E-28 1.373E-04.06140.298 1724.70470.51-.012407          0 3 0          0 0 0 10  8  2       10  5  5      3442334432297122 9    21.0   21.0
 11 5726.751646 9.989E-27 2.257E-02.09200.344 1739.48370.71-.008387          1 0 1          0 1 0  4  1  4        3  1  3      4643234433255722 7     9.0    7.0
 11 5727.101660 1.828E-25 1.732E-03.04740.341  744.06370.57-.010798          0 1 1          0 0 0  8  4  5        8  0  8      574723303330572210    17.0   17.0
 11 5727.125010 2.157E-27 1.925E-02.03470.250 2248.06320.41-.014647          0 1 1          0 0 0 13  5  8       13  3 11      474223443331712211    27.0   27.0
 11 5727.374061 4.485E-26 5.169E-01.06300.352 2300.68410.44-.019307          1 1 0          0 0 0 13  6  8       12  5  7      3747234433295722 9    27.0   25.0
 11 5727.430381 2.749E-28 3.056E-03.08040.371 2398.38160.63-.014148          0 0 2          0 1 0  7  1  6        6  4  3      4442434432287122 7    45.0   39.0
 11 5727.462963 2.546E-29 1.765E-04.07580.371 2271.71190.63-.007823          1 2 0          0 1 0  6  6  1        6  3  4      4442334432287122 8    39.0   39.0
 12 5727.473400 2.800E-29 4.565E-02.05120.398 2171.74100.61-.011463          2 0 0          0 1 0  8  1  8        7  0  7      5645834836255722 7    51.0   45.0
 11 5727.489440 2.811E-27 7.690E-03.08480.439 2004.81540.69-.012675          0 0 2          0 1 0  4  2  3        4  3  2      3744234433255722 7    27.0   27.0
 12 5727.492200 1.760E-27 7.374E-04.08600.400  445.34620.63-.005999          1 1 0          0 0 0  7  4  3        6  1  6      556540483611572245    45.0   39.0
 13 5727.611390 6.950E-28 2.154E-03.09800.433  221.62080.69-.003456          0 1 1          0 0 0  5  4  1        4  0  4      6666435436115722 8    66.0   54.0
 11 5727.969129 5.485E-27 6.022E+00.03650.221 3266.51280.40-.019472          0 1 1          0 0 0 15  7  8       14  7  7      374523443331572211    31.0   29.0
 11 5727.969293 1.542E-28 3.376E-03.04740.333 2337.46310.57-.010798          0 2 1          0 1 0  8  4  5        8  0  8      444233443230712210    17.0   17.0
 11 5728.000491 1.867E-28 2.778E-04.08320.391 1920.76570.67-.004906          1 0 1          0 1 0  5  2  4        5  0  5      4442334432257122 7    33.0   33.0
 11 5728.064626 3.789E-28 4.322E-05.06250.333 1255.91150.57-.010664          0 3 0          0 0 0  8  8  0        8  5  3      3542234433287122 8    17.0   17.0
 11 5728.175753 1.306E-26 9.341E-03.09720.419 1677.06140.72-.001415          2 0 0          0 1 0  3  2  1        2  1  2      4744234433255722 7    21.0   15.0
 12 5728.339950 4.260E-29 1.887E-02.08100.141 1814.08720.69-.006890          1 0 1          0 1 0  5  1  5        4  1  4      5544434836255722 7    33.0   27.0
 11 5728.576991 7.464E-28 1.140E-02.04570.315 2512.28250.55-.016748          2 0 0          0 1 0  9  1  8        9  0  9      4742234433287122 7    57.0   57.0
 11 5728.593144 1.561E-29 6.375E-04.06950.352 2439.95430.61-.006334          1 2 0          0 1 0  7  6  2        7  3  5      4442334432287122 8    15.0   15.0
 11 5728.620931 2.836E-27 6.905E+00.03640.120 3443.18980.37-.015972          0 1 1          0 0 0 16  6 11       15  6 10      374423443331572211    33.0   31.0
 11 5728.660117 9.392E-29 1.039E-02.08820.333 2670.78960.57-.015274          0 0 2          0 1 0  8  2  6        8  3  5      4442534432287122 8    17.0   17.0
 11 5728.684235 8.396E-28 8.380E-05.06100.566 1477.29720.55-.009721          0 3 0          0 0 0  9  8  1        9  5  4      3645234433285722 8    57.0   57.0
 12 5728.699620 9.420E-28 1.776E-03.07800.397  780.45280.61-.003607          1 1 0          0 0 0  8  5  4        7  2  5      5547434836285722 7    51.0   45.0
 11 5728.768572 3.015E-29 7.022E-02.08780.434 3392.74930.71-.009046          1 1 1          0 2 0  4  2  2        3  2  1      4442334432257122 7    27.0   21.0
 11 5728.809525 1.135E-27 4.301E-05.06070.434 1255.16660.57-.011036          0 3 0          0 0 0  8  8  1        8  5  4      4543234433285722 8    51.0   51.0
 12 5728.819430 5.040E-28 3.555E-03.09400.266 1074.76330.55-.012999          0 1 1          0 0 0  9  5  5        9  1  8      564540483611572245    57.0   57.0
 11 5728.962859 1.027E-28 7.234E-02.04250.315 3321.01320.55-.015134          1 2 0          0 1 0 10  7  4        9  6  3      4442334432287122 8    63.0   57.0
 14 5729.025195 2.711E-29 1.422E-02.06200.265 1465.82940.44-.019488          1 2 0          0 0 0 13  4 10       12  4  9      3641035041297122 7   162.0  150.0
 13 5729.030050 1.740E-26 6.097E-02.07880.394  507.17430.67-.005099          0 1 1          0 0 0  6  5  1        5  3  2      568541303682662234   234.0  198.0
 11 5729.050417 3.417E-29 7.218E-02.04230.315 3320.92970.55-.018013          1 2 0          0 1 0 10  7  3        9  6  4      3442334432297122 8    21.0   19.0
 11 5729.141694 1.094E-28 4.539E-03.05960.315 2512.37520.55-.016005          1 2 0          0 1 0 10  2  8        9  1  9      4442334432287122 8    21.0   19.0
 11 5729.301826 1.404E-27 7.755E+00.03630.208 3623.76310.35-.003672          0 1 1          0 0 0 17  4 13       16  4 12      374223443331712211    35.0   33.0
 11 5729.409887 3.684E-27 2.489E-02.08070.420 2005.91670.69-.008228          1 0 1          0 1 0  5  3  2        4  3  1      4644234433255722 7    11.0    9.0
 11 5729.454730 2.585E-28 1.185E-02.04880.315 2512.37520.55-.011015          2 0 0          0 1 0  9  2  8        9  1  9      4442334432257122 7    19.0   19.0
 11 5729.466629 1.016E-26 3.012E-02.08770.389 1743.48630.72-.007423          2 0 0          0 1 0  3  3  1        2  2  0      4743234433255722 7     7.0    5.0
 11 5729.504351 1.635E-29 9.358E-02.03990.298 3770.71070.51-.015510          0 0 2          0 1 0 11  6  5       10  7  4      4442334432297122 9    69.0   63.0
 11 5729.531134 4.572E-29 1.840E-02.06390.298 3224.54610.51-.027121          2 0 0          0 1 0 11  3  8       10  4  7      4442334432287122 8    69.0   63.0
 14 5729.627028 8.078E-28 7.311E-03.07480.206  480.24260.67-.010136          1 2 0          0 0 0  6  4  3        5  4  2      5644035041255722 7    78.0   66.0
 14 5729.647816 8.079E-28 7.313E-03.07460.288  480.25890.67-.008560          1 2 0          0 0 0  6  4  2        5  4  1      5646035041255722 7    78.0   66.0
 11 5729.952188 4.014E-28 2.903E-03.06210.352 2309.73010.61-.012677          0 2 1          0 1 0  7  5  3        7  1  6      4742234433287122 8    45.0   45.0
 12 5730.186370 2.520E-29 1.078E-02.08600.382 1765.39820.71-.007677          1 0 1          0 1 0  4  1  3        3  1  2      5544434836115722 7    27.0   21.0
 11 5730.279209 5.664E-29 5.657E-02.05590.221 3472.88010.37-.026872          0 1 1          0 0 0 15  8  8       15  6  9      344233443231712211    93.0   93.0
 11 5730.311277 2.456E-29 2.299E-02.01970.352 3109.91140.61-.009703          1 2 0          0 1 0  8  8  0        7  7  1      4442334432297122 9    17.0   15.0
 11 5730.311385 7.369E-29 2.299E-02.02580.352 3109.91110.61-.013202          1 2 0          0 1 0  8  8  1        7  7  0      4442334432257122 7    51.0   45.0
 12 5730.400850 1.880E-29 1.704E-01.08150.338 2272.64600.63-.004219          0 2 1          0 1 0  7  5  2        6  3  3      5644434836255722 7    15.0   13.0
 13 5730.555615 3.070E-27 1.360E-01.08270.450  881.09890.570.000400          0 1 1          0 0 0  9  3  6        8  1  7      6655415436676622 6   114.0  102.0
 11 5730.755690 3.169E-26 3.115E-02.08200.347 1742.30560.72-.004999          2 0 0          0 1 0  3  3  0        2  2  1      374420443311572246    21.0   15.0
 14 5730.841167 6.110E-29 4.569E-03.04910.281 1049.12430.47-.015880          2 0 0          0 0 0 12  4  9       11  2 10      5641035041297122 8   150.0  138.0
 11 5730.844119 1.013E-26 6.204E-01.08800.517 2818.39770.55-.007999          0 2 1          0 1 0 10  4  6        9  2  7      473420443311572246    63.0   57.0
 11 5730.865911 5.169E-28 3.904E-02.02900.250 2927.93990.41-.018140          0 3 0          0 0 0 14  8  7       13  7  6      3642234433297122 9    87.0   81.0
 11 5731.001186 2.779E-28 8.234E-05.05590.315 1474.98030.55-.008621          0 3 0          0 0 0  9  8  2        9  5  5      3642234433287122 8    19.0   19.0
 14 5731.038542 2.722E-29 1.065E-03.07970.315  859.39250.55-.005428          1 2 0          0 0 0  9  4  5        9  3  6      5641035041287122 8   114.0  114.0
 11 5731.441952 3.889E-28 1.045E-03.08900.391 2000.86290.67-.002950          0 0 2          0 1 0  4  2  3        5  1  4      3642234433257122 7    27.0   33.0
 11 5731.478048 1.214E-27 4.381E-03.02030.315 2009.80510.55-.008013          0 3 0          0 0 0 10  9  1        9  8  2      3542234433297122 9    21.0   19.0
 11 5731.478428 3.643E-27 4.382E-03.02180.231 2009.80470.55-.010825          0 3 0          0 0 0 10  9  2        9  8  1      3543234433285722 8    63.0   57.0
 11 5731.517634 4.711E-29 1.428E-03.06230.333 2630.19240.57-.006307          1 2 0          0 1 0  8  6  3        8  3  6      4442334432287122 8    51.0   51.0
 14 5731.519870 1.830E-28 1.446E-02.05200.352  981.12800.61-.011064          1 2 0          0 0 0  8  6  2        7  6  1      4641035041257122 7   102.0   90.0
 14 5731.519964 1.830E-28 1.446E-02.05300.352  981.12810.61-.007956          1 2 0          0 0 0  8  6  3        7  6  2      4641035041297122 8   102.0   90.0
 12 5731.555470 1.310E-29 1.710E-02.08470.243 1810.18750.69-.004407          1 0 1          0 1 0  5  0  5        4  0  4      5544334836255722 7    11.0    9.0
 11 5731.592047 9.868E-28 2.677E-02.06990.333 2630.19240.57-.024283          2 0 0          0 1 0  9  2  7        8  3  6      4742234433287122 8    57.0   51.0
 11 5731.608322 4.316E-28 4.884E-03.08220.371 2146.26360.63-.009239          0 0 2          0 1 0  6  0  6        6  1  5      3742234433287122 7    13.0   13.0
 11 5731.616191 2.231E-27 3.892E+00.02450.250 3347.78030.41-.016191          0 1 1          0 0 0 14  9  6       13  9  5      374223443331712211    29.0   27.0
 11 5731.618791 6.693E-27 3.892E+00.02200.281 3347.78200.41-.016228          0 1 1          0 0 0 14  9  5       13  9  4      373523443311572211    87.0   81.0
 11 5731.652134 1.226E-28 2.580E-01.04260.298 3564.70510.51-.022784          1 0 1          0 1 0 11  6  6       10  6  5      4442334432297122 8    69.0   63.0
 11 5731.768545 1.382E-28 3.119E-02.02780.250 2927.07410.41-.016819          0 3 0          0 0 0 14  8  6       13  7  7      2442334432297122 9    29.0   27.0
 14 5731.817526 4.006E-29 1.570E-03.07100.281  916.12360.47-.022100          2 0 0          0 0 0 12  2 10       11  1 11      5641035041297122 8   150.0  138.0
 14 5731.912233 4.951E-29 1.939E-03.04800.281  916.02890.47-.028720          2 0 0          0 0 0 12  2 10       11  0 11      5641035041287122 8   150.0  138.0
 11 5731.967127 2.766E-29 1.259E-02.01740.265 3266.76290.44-.014820          0 3 0          0 0 0 12 11  2       12 10  3      3442334432297122 9    75.0   75.0
 11 5732.165174 6.895E-26 1.220E+00.06380.360 2629.33290.41-.019232          1 1 0          0 0 0 14  6  9       13  5  8      3745234433295722 9    87.0   81.0
 11 5732.187292 3.796E-29 2.400E-01.04240.298 3565.00420.51-.018598          1 0 1          0 1 0 11  6  5       10  6  4      4442334432297122 8    23.0   21.0
 11 5732.244402 2.710E-28 6.182E-04.08040.371 2042.75330.63-.010256          1 0 1          0 1 0  6  1  5        6  1  6      4442234433257122 7    39.0   39.0
 14 5732.295300 5.205E-28 1.689E-02.07150.315  841.36750.55-.016464          1 2 0          0 0 0 10  3  8        9  3  7      3641035041257122 7   126.0  114.0
 11 5732.300846 1.117E-27 2.911E-06.07490.352  704.21400.610.001159          0 3 0          0 0 0  8  6  3        7  1  6      4342234433287122 8    51.0   45.0
 11 5732.373700 1.557E-25 2.902E-03.06290.288  882.89030.57-.004366          0 1 1          0 0 0  8  5  4        8  1  7      574323303330572210    17.0   17.0
 11 5732.439784 1.596E-26 2.970E-02.08670.391 2000.86290.67-.004769          2 0 0          0 1 0  6  2  5        5  1  4      4742234433257122 7    39.0   33.0
 11 5732.442491 2.305E-29 1.920E-02.01430.250 3391.12700.41-.009572          0 5 0          0 1 0 12  1 12       13  0 13      3442334432297122 7    75.0   81.0
 11 5732.473120 3.566E-23 5.239E-02.07720.417  586.24350.61-.005729          0 1 1          0 0 0  8  2  6        7  0  7      575520303367662223    51.0   45.0
 11 5732.539970 2.605E-26 1.895E-02.09240.434 1731.89670.71-.004305          1 0 1          0 1 0  4  0  4        3  0  3      4542234433257122 7    27.0   21.0
 11 5732.580646 4.227E-28 1.236E-04.05230.298 1718.71850.51-.009499          0 3 0          0 0 0 10  8  3       10  5  6      3642234433287122 8    63.0   63.0
 14 5732.729795 1.673E-29 8.786E-03.07020.265 1465.82940.44-.031256          0 4 0          0 0 0 13  3 10       12  4  9      3641035041297122 8   162.0  150.0
 12 5732.744150 7.230E-29 5.948E-05.07300.326  583.77780.61-.004184          1 1 0          0 0 0  7  5  2        7  0  7      5643434836285722 8    45.0   45.0
 11 5732.936753 8.232E-28 5.422E-03.08610.434 1907.45020.71-.008714          0 0 2          0 1 0  3  2  2        3  3  1      4742234433287122 7     7.0    7.0
 11 5732.947772 1.961E-26 6.129E-03.04710.401 1525.13500.47-.001311          1 1 0          0 0 0 11  5  7       11  2 10      4644234433295722 8    23.0   23.0
 11 5733.030230 2.802E-26 3.118E-02.08780.420 1819.33510.71-.009046          1 0 1          0 1 0  4  2  2        3  2  1      5646233033255722 7    27.0   21.0
 11 5733.092765 4.299E-29 6.063E-02.09240.434 3289.24170.71-.004305          1 1 1          0 2 0  4  0  4        3  0  3      4442334432257122 7    27.0   21.0
 11 5733.213332 8.398E-28 5.064E-06.06820.602  920.16800.550.002267          0 3 0          0 0 0 10  5  6        9  0  9      3447234433285722 8    63.0   57.0
 11 5733.219592 7.095E-28 7.685E-03.08440.352 2392.59240.61-.011988          0 0 2          0 1 0  7  1  6        7  2  5      4642234433257122 7    45.0   45.0
 11 5733.270179 8.895E-29 1.028E-02.05570.352 2905.43310.61-.005666          0 0 2          0 1 0  8  5  4        7  6  1      4442434432287122 7    51.0   45.0
 14 5733.392867 7.208E-29 4.525E-03.05400.298  995.79330.51-.009740          2 0 0          0 0 0 11  5  7       10  3  8      5641035041287122 8   138.0  126.0
 11 5733.401276 4.453E-27 2.856E-03.07010.325 1899.00750.47-.012638          1 1 0          0 0 0 11  7  4       11  4  7      4744234433295722 8    69.0   69.0
 14 5733.407069 3.890E-29 1.427E-02.04000.250 1406.65660.41-.013212          0 4 0          0 0 0 14  1 13       13  2 12      2641035141297122 9   174.0  162.0
 14 5733.491358 4.422E-29 3.267E-03.07440.281 1046.47410.47-.006800          2 0 0          0 0 0 12  4  9       11  1 10      5641035041287122 8   150.0  138.0
 12 5733.564796 2.640E-26 9.377E-02.08510.407  658.61000.63-.005939          0 1 1          0 0 0  7  5  2        6  3  3      365540543667662223    15.0   13.0
 12 5733.585730 3.300E-28 4.122E-04.07750.361  414.16810.67-.003075          1 1 0          0 0 0  6  5  1        5  2  4      5547434836285722 8    13.0   11.0
 11 5733.648396 2.328E-27 4.658E-02.06110.256 2318.53990.61-.017942          2 0 0          0 1 0  8  1  7        7  2  6      4745234433255722 7    17.0   15.0
 11 5733.801407 6.196E-29 1.818E-04.04720.281 1985.78420.47-.012327          0 3 0          0 0 0 11  8  4       11  5  7      3442334432297122 9    23.0   23.0
 11 5733.951093 5.807E-26 1.568E-01.04380.320 1985.78420.47-.013819          1 1 0          0 0 0 12  6  6       11  5  7      3746234433295722 9    25.0   23.0
 11 5733.960791 1.170E-27 1.628E+00.01360.265 3512.40380.44-.014014          0 1 1          0 0 0 13 11  3       12 11  2      374223443331712211    81.0   75.0
 11 5733.960800 3.899E-28 1.627E+00.01360.265 3512.40380.44-.014051          0 1 1          0 0 0 13 11  2       12 11  1      374223443331712211    27.0   25.0
 13 5733.991065 5.810E-27 5.971E-02.07300.379  502.17960.67-.008899          0 1 1          0 0 0  6  5  2        5  3  3      666440543667662223    78.0   66.0
 11 5733.999418 3.439E-28 1.206E-04.03690.265 1774.75030.44-.013822          0 1 1          0 0 0 11  6  6       12  2 11      474223443331712210    69.0   75.0
 12 5734.096440 1.130E-29 3.457E-02.06850.278 2300.77420.61-.004640          2 0 0          0 1 0  8  2  7        7  1  6      5643334836255722 7    51.0   45.0
 14 5734.246032 3.770E-29 1.378E-02.03940.250 1405.81820.41-.011936          0 4 0          0 0 0 14  1 13       13  1 12      2641035141257122 7   174.0  162.0
 11 5734.498302 2.860E-29 9.922E-03.05550.352 2905.43140.61-.006697          0 0 2          0 1 0  8  5  3        7  6  2      4442434432297122 8    17.0   15.0
 14 5734.507973 2.580E-29 1.004E-04.09000.371  306.31470.63-.006116          1 2 0          0 0 0  6  3  3        6  0  6      5641035041287122 8    78.0   78.0
 11 5734.533849 1.280E-29 7.251E+00.00930.172 4608.55470.320.000000          0 1 1          0 0 0 20  4 17       19  4 16      3442334432327122 0    41.0   39.0
 11 5734.684759 1.567E-29 1.460E-03.05180.298 2904.42800.51-.021257          1 0 1          0 1 0 10  2  8       10  2  9      4442334432287122 8    63.0   63.0
 11 5734.973770 3.858E-29 7.274E+00.00930.172 4608.21970.320.000000          0 1 1          0 0 0 20  3 17       19  3 16      3442334432327122 0   123.0  117.0
 11 5735.127107 6.606E-29 2.430E-04.04250.265 2275.37180.44-.013148          0 3 0          0 0 0 12  8  5       12  5  8      3442334432297122 8    75.0   75.0
 14 5735.251913 3.957E-29 2.244E-02.07230.265 1481.44360.44-.023496          1 2 0          0 0 0 13  4  9       12  4  8      3641035041297122 9   162.0  150.0
 11 5735.569935 4.951E-27 3.538E-03.04440.206 1695.06770.47-.006239          1 1 0          0 0 0 11  6  6       11  3  9      4643234433295722 8    23.0   23.0
 14 5735.615406 5.087E-29 1.087E-03.08280.333  711.79530.57-.007552          1 2 0          0 0 0  8  4  4        8  3  5      5641035041287122 8   102.0  102.0
 12 5735.616063 2.150E-26 4.692E-02.07400.367  583.98640.61-.003999          0 1 1          0 0 0  8  3  6        7  1  7      366440543611 32245    17.0   15.0
 14 5735.775350 5.932E-29 5.381E-04.06670.391  480.25890.67-.016020          2 0 0          0 0 0  6  6  0        5  4  1      5641035041287122 7    78.0   66.0
 14 5735.793862 5.932E-29 5.380E-04.06560.391  480.24260.67-.021080          2 0 0          0 0 0  6  6  1        5  4  2      4641035041287122 8    78.0   66.0
 12 5735.973337 2.450E-26 2.856E-01.08250.417 1198.19990.550.001850          0 1 1          0 0 0 10  4  6        9  2  7      668541543682662234    63.0   57.0
 11 5735.976572 2.603E-29 7.676E-02.08320.412 3482.06470.69-.011205          1 1 1          0 2 0  5  2  4        4  2  3      4442334432257122 7    33.0   27.0
 12 5736.112505 9.630E-29 7.786E-02.04220.293 1863.01970.51-.019242          1 1 0          0 0 0 11  7  5       10  6  4      5644435436295722 8    23.0   21.0
 11 5736.150291 1.366E-27 9.472E-03.09970.470 1743.48630.72-.011602          0 0 2          0 1 0  1  1  1        2  2  0      3744234433255722 7     3.0    5.0
 11 5736.186360 4.200E-28 8.407E-06.06420.315  920.20980.550.001835          0 3 0          0 0 0  9  6  4        9  1  9      3542234433287122 8    19.0   19.0
 13 5736.226774 4.130E-28 9.350E-04.08600.400  446.24490.63-.005999          1 1 0          0 0 0  7  4  3        6  1  6      656540543611572245   270.0  234.0
 11 5736.290483 1.555E-28 1.098E-02.02000.208 2952.39180.35-.007576          0 3 0          0 0 0 17  3 14       16  2 15      3442334432297122 9   105.0   99.0
 12 5736.397290 1.810E-27 1.158E-02.06400.312 1074.76330.550.005000          1 1 0          0 0 0 10  4  7        9  1  8      567641483611572245    63.0   57.0
 11 5736.549643 1.267E-26 3.524E+00.06040.235 2983.39520.40-.018972          1 1 0          0 0 0 15  6 10       14  5  9      3742234433297122 9    31.0   29.0
 14 5736.559761 3.937E-29 1.446E-02.04020.250 1406.65660.41-.017812          0 4 0          0 0 0 14  2 13       13  2 12      2541035141297122 9   174.0  162.0
 11 5736.632309 9.770E-27 1.003E-01.04900.247 2181.08980.61-.019999          2 0 0          0 1 0  8  0  8        7  1  7      433420443311572246    17.0   15.0
 14 5736.710892 1.128E-28 2.310E-02.06430.298 1238.79430.51-.015400          1 2 0          0 0 0 11  5  7       10  5  6      4641035041287122 7   138.0  126.0
 12 5736.734598 2.840E-28 7.635E-02.04080.245 1862.45500.51-.020536          1 1 0          0 0 0 11  7  4       10  6  5      5645435436295722 8    69.0   63.0
 14 5736.741112 5.304E-28 1.881E-02.08280.338  859.39250.55-.015628          1 2 0          0 0 0 10  3  7        9  3  6      5647035041255722 7   126.0  114.0
 11 5736.750001 7.899E-28 5.846E-03.08360.391 2024.15230.67-.014048          0 0 2          0 1 0  5  1  5        5  2  4      3742234433257122 7    11.0   11.0
 11 5736.908522 2.887E-25 5.529E-02.04250.269 1631.38300.55-.015134          1 1 0          0 0 0 10  7  4        9  6  3      4748234433285722 8    63.0   57.0
 14 5736.941518 1.129E-28 2.315E-02.06490.298 1239.08910.51-.015048          1 2 0          0 0 0 11  5  6       10  5  5      4641035041297122 9   138.0  126.0
 11 5737.021264 4.046E-27 4.513E-02.06580.371 2398.38160.63-.012952          1 0 1          0 1 0  7  4  4        6  4  3      4642234433257122 7    45.0   39.0
 11 5737.056772 9.572E-26 5.496E-02.04230.269 1631.24530.55-.018013          1 1 0          0 0 0 10  7  3        9  6  4      3746234433295722 8    21.0   19.0
 11 5737.073697 1.096E-29 2.495E-03.05600.315 2841.43040.55-.006168          1 2 0          0 1 0  9  6  4        9  3  7      3442334432287122 8    19.0   19.0
 11 5737.103615 3.557E-26 2.665E-03.02580.099 1394.81410.61-.013202          1 1 0          0 0 0  8  8  1        7  7  0      4544234433255722 7    51.0   45.0
 11 5737.103642 1.185E-26 2.664E-03.01970.352 1394.81410.61-.009703          1 1 0          0 0 0  8  8  0        7  7  1      3542234433297122 9    17.0   15.0
 11 5737.112007 2.644E-29 5.590E-02.03080.208 3639.53690.35-.013672          0 1 1          0 0 0 16  7  9       16  5 12      344233443231712211    99.0   99.0
 11 5737.315492 1.424E-26 4.864E-02.05120.398 2180.64280.61-.011463          2 0 0          0 1 0  8  1  8        7  0  7      4745234433255722 7    51.0   45.0
 14 5737.398724 2.878E-29 1.053E-02.04220.250 1405.81820.41-.012812          0 4 0          0 0 0 14  2 13       13  1 12      2341035141287122 8   174.0  162.0
 11 5737.466657 2.724E-25 1.477E-03.08900.399  602.77350.63-.004999          1 1 0          0 0 0  7  5  3        6  2  4      466720443311572246    15.0   13.0
 11 5737.491252 5.801E-28 3.207E-03.08750.391 1922.82900.67-.013450          0 0 2          0 1 0  4  0  4        5  1  5      4642234433257122 7     9.0   11.0
 12 5737.543640 3.200E-29 1.715E-02.08920.341 1811.29080.71-.007805          2 0 0          0 1 0  4  3  2        3  2  1      5644434836255722 7    27.0   21.0
 14 5737.684865 2.188E-29 8.005E-03.00970.250 1405.81820.41-.021740          2 0 0          0 0 0 14  3 11       13  1 12      334103504130712210   174.0  162.0
 12 5737.834037 1.830E-28 1.627E-03.06400.321  916.29330.55-.015999          1 1 0          0 0 0 10  2  8        9  1  9      566840543611572245    21.0   19.0
 12 5737.860370 2.700E-26 1.070E-01.07070.359  706.59780.610.000770          0 1 1          0 0 0  8  4  5        7  2  6      5654413036676622 6    17.0   15.0
 11 5737.896062 1.618E-29 1.075E-01.05120.352 3738.60890.61-.011463          2 1 0          0 2 0  8  1  8        7  0  7      3442234432257122 7    51.0   45.0
 11 5738.004282 1.787E-28 1.563E-04.01390.265 1962.50620.44-.013049          0 1 1          0 0 0 11  7  5       12  3 10      444233443230712210    69.0   75.0
 11 5738.109708 5.253E-27 5.397E-02.06960.274 2181.08980.61-.001525          0 2 1          0 1 0  8  3  6        7  1  7      4344234433255722 7    17.0   15.0
 14 5738.192795 3.909E-29 2.631E-04.08600.352  473.91760.610.000100          0 4 0          0 0 0  8  3  5        7  1  6      2641035141257122 7   102.0   90.0
 11 5738.199698 3.347E-27 3.290E-02.07780.415 2146.26360.63-.006170          2 0 0          0 1 0  7  2  6        6  1  5      4745234433255722 7    15.0   13.0
 11 5738.273013 5.320E-27 5.125E+00.02600.209 3464.88630.40-.016672          0 1 1          0 0 0 15  8  8       14  8  7      374423443331572211    93.0   87.0
 11 5738.277702 7.911E-28 8.782E-02.05460.333 2919.63230.57-.012972          1 0 1          0 1 0  9  5  5        8  5  4      4642234433257122 7    57.0   51.0
 12 5738.382945 8.680E-29 1.410E-01.04260.177 2265.43850.44-.005256          1 1 0          0 0 0 13  6  7       12  5  8      5643435436295722 8    81.0   75.0
 11 5738.513408 6.412E-28 7.043E-04.05940.250 2042.30980.41-.010673          1 1 0          0 0 0 13  4  9       13  1 12      3542234433287122 8    81.0   81.0
 12 5738.534219 6.180E-29 1.491E-02.02670.333 1574.67780.57-.012895          1 1 0          0 0 0  9  8  2        8  7  1      5542435436297122 9    19.0   17.0
 12 5738.534562 1.850E-28 1.487E-02.02920.241 1574.67770.57-.013830          1 1 0          0 0 0  9  8  1        8  7  2      5545435436285722 7    57.0   51.0
 11 5738.538621 1.774E-27 5.132E+00.02600.279 3465.06860.40-.017372          0 1 1          0 0 0 15  8  7       14  8  6      374323443331572211    31.0   29.0
 11 5738.631470 1.801E-29 2.550E-02.09720.456 3237.91720.72-.001415          2 1 0          0 2 0  3  2  1        2  1  2      4442234432257122 7    21.0   15.0
 14 5738.659716 8.418E-29 1.086E-03.08560.352  581.96200.61-.009456          1 2 0          0 0 0  7  4  3        7  3  4      5641035041257122 7    90.0   90.0
 11 5738.672854 1.980E-28 7.387E+00.03100.195 4027.50440.34-.007372          0 1 1          0 0 0 18  5 14       17  5 13      344233443231712211    37.0   35.0
 11 5738.859426 3.270E-26 1.145E-01.07600.350 2130.49420.67-.016999          0 2 1          0 1 0  6  5  1        5  3  2      475520443311572246    39.0   33.0
 13 5739.010284 2.090E-28 2.131E-03.07800.397  781.37730.61-.003607          1 1 0          0 0 0  8  5  4        7  2  5      5547435436285722 7   306.0  270.0
 11 5739.075556 1.460E-27 3.959E-03.09000.527 1817.45120.69-.003456          0 2 1          0 1 0  5  4  1        4  0  4      4645234433285722 8    11.0    9.0
 11 5739.438694 3.316E-29 2.264E-04.07420.371 2041.78050.63-.004491          1 0 1          0 1 0  6  2  5        6  0  6      4442334432257122 7    13.0   13.0
 11 5739.461388 2.429E-27 5.349E-03.08950.428 1907.61580.71-.009533          0 0 2          0 1 0  3  2  1        3  3  0      4744234433255722 7    21.0   21.0
 11 5739.645578 1.323E-27 4.449E-02.07430.235 2399.16540.63-.006967          1 0 1          0 1 0  7  4  3        6  4  2      4643234433255722 7    15.0   13.0
 12 5739.724840 2.690E-29 7.445E-04.07660.448 1355.19950.55-.010256          1 1 0          0 0 0  9  7  2        9  4  5      564543483628572210    57.0   57.0
 12 5739.854130 1.610E-29 5.043E-02.03850.343 2328.06620.57-.014512          2 0 0          0 1 0  9  0  9        8  1  8      5646834836255722 7    57.0   51.0
 11 5740.032820 7.504E-29 3.405E-02.03230.221 3083.86450.37-.012972          0 1 1          0 0 0 15  6  9       15  4 12      344233443231712211    31.0   31.0
 12 5740.092000 1.870E-29 1.862E-02.04760.196 2131.56640.47-.019730          0 1 1          0 0 0 11  8  4       11  6  5      564333483631572211    69.0   69.0
 11 5740.166522 8.975E-29 7.036E-05.04680.281 1695.06770.47-.011639          0 1 1          0 0 0 10  7  4       11  3  9      444233443231712210    21.0   23.0
 14 5740.243072 1.194E-28 1.030E-03.08520.371  469.66360.63-.008300          1 2 0          0 0 0  6  4  2        6  3  3      5641035041287122 7    78.0   78.0
 11 5740.249343 2.771E-28 9.257E-02.05590.333 2920.13210.57-.011652          1 0 1          0 1 0  9  5  4        8  5  3      4442334432287122 8    19.0   17.0
 12 5740.274200 7.100E-29 5.601E-02.04640.265 2116.64770.440.000000         -2-2-2          0 0 0 13 -1 -2       12  4  9      0622234736917122 0    81.0   75.0
 11 5740.500419 1.041E-29 6.282E-05.07640.371 2271.71190.63-.014787          0 0 2          0 1 0  7  0  7        6  3  4      4442334432287122 8    45.0   39.0
 11 5740.555710 1.190E-29 7.436E-02.08770.456 3317.21020.72-.007423          2 1 0          0 2 0  3  3  1        2  2  0      3442334432257122 7     7.0    5.0
 14 5740.626381 1.142E-28 6.111E-04.08030.412  295.67750.69-.007924          1 2 0          0 0 0  4  4  0        4  3  1      5641035041257122 7    54.0   54.0
 11 5740.664355 1.762E-29 6.605E-02.08670.391 3565.45460.67-.004769          2 1 0          0 2 0  6  2  5        5  1  4      4442234432257122 7    39.0   33.0
 11 5740.687012 1.975E-28 3.388E-03.01960.208 2660.94410.35-.005776          0 3 0          0 0 0 17  2 15       16  1 16      3442334432297122 9   105.0   99.0
 13 5740.705681 9.060E-29 3.476E-03.09400.266 1076.79930.55-.012999          0 1 1          0 0 0  9  5  5        9  1  8      464540543611572245   342.0  342.0
 14 5740.727660 1.753E-28 2.063E-02.07450.281 1141.69150.47-.006828          0 4 0          0 0 0 12  2 10       11  2  9      2641035141287122 7   150.0  138.0
 14 5740.750042 1.394E-28 8.949E-04.08650.391  374.41000.67-.003241          1 2 0          0 0 0  5  4  1        5  3  2      4611015041 7712248    66.0   66.0
 11 5740.750260 1.890E-26 2.655E-02.08320.363 1908.01630.69-.011205          1 0 1          0 1 0  5  2  4        4  2  3      5645233033255722 7    33.0   27.0
 11 5740.806631 2.357E-27 7.688E-02.05510.269 2688.07950.550.002802          1 2 0          0 1 0 10  4  7        9  1  8      4645234433285722 8    63.0   57.0
 14 5740.816827 1.145E-28 6.121E-04.08050.412  295.48720.69-.007996          1 2 0          0 0 0  4  4  1        4  3  2      4641035041257122 7    54.0   54.0
 12 5740.861580 1.380E-29 2.304E-02.08110.132 2120.45480.67-.009157          1 0 1          0 1 0  6  3  3        5  3  2      5543334836255722 7    39.0   33.0
 11 5740.867977 3.024E-29 2.928E-04.03470.250 2248.06320.41-.014647          0 1 1          0 0 0 12  7  6       13  3 11      444233443231712211    25.0   27.0
 11 5741.099450 7.005E-29 1.693E-04.08380.391 2053.96850.67-.004560          1 2 0          0 1 0  6  5  2        5  2  3      4442334432287122 8    39.0   33.0
 11 5741.131290 1.815E-24 2.112E-03.09800.433  222.05280.69-.003456          0 1 1          0 0 0  5  4  1        4  0  4      5766233033115722 8    11.0    9.0
 11 5741.141278 6.397E-28 7.599E+00.03010.195 4017.90630.34-.007172          0 1 1          0 0 0 18  4 14       17  4 13      374223443331712211   111.0  105.0
 11 5741.164631 2.199E-28 2.062E-04.09770.434 1731.89670.71-.002381          2 0 0          0 1 0  3  3  0        3  0  3      3442334432287122 8    21.0   21.0
 14 5741.315993 1.115E-29 2.723E-04.08290.352  683.61000.61-.019303          0 4 0          0 0 0  6  5  2        7  4  3      4611005041 7712248    78.0   90.0
 11 5741.327061 3.809E-29 6.909E-02.08100.412 3381.70410.69-.006890          1 1 1          0 2 0  5  1  5        4  1  4      4442334432257122 7    33.0   27.0
 12 5741.413720 6.420E-29 1.841E-01.07250.358 2261.21780.63-.007684          0 2 1          0 1 0  7  5  3        6  3  4      5643434836255722 7    45.0   39.0
 11 5741.420946 1.617E-27 2.954E-03.08240.391 1920.76580.67-.009523          0 0 2          0 1 0  4  1  4        5  0  5      4642234433257122 7    27.0   33.0
 14 5741.487882 1.405E-28 8.989E-04.07960.391  373.66590.67-.010346          1 2 0          0 0 0  5  4  2        5  3  3      4611005041 7712248    66.0   66.0
 14 5741.602848 1.118E-29 2.727E-04.07800.352  683.32390.61-.008116          0 4 0          0 0 0  6  5  1        7  4  4      4641035041287122 8    78.0   90.0
 11 5741.609355 1.047E-28 1.113E-02.03630.298 2705.09620.51-.020594          2 0 0          0 1 0 10  1  9       10  0 10      4442334432287122 8    21.0   21.0
 12 5741.613380 1.490E-29 3.247E-02.08730.460 1914.88120.69-.011450          1 0 1          0 1 0  5  2  3        4  2  2      5544334836255722 7    11.0    9.0
 11 5741.662890 8.380E-24 1.402E-01.08270.450  882.89030.570.000400          0 1 1          0 0 0  9  3  6        8  1  7      5755213033676622 6    19.0   17.0
 12 5741.711881 1.160E-29 9.545E-05.06830.333  879.49480.570.003422          0 3 0          0 0 0  9  6  4        8  1  7      3442335436287122 8    19.0   17.0
 11 5741.778427 3.590E-29 7.442E-02.08470.456 3316.14530.72-.005911          2 1 0          0 2 0  3  3  0        2  2  1      4442334432257122 7    21.0   15.0
 11 5741.962060 1.535E-29 1.716E-01.04260.265 3940.51830.44-.005256          1 2 0          0 1 0 13  6  7       12  5  8      3442334432297122 8    81.0   75.0
 14 5742.064801 1.542E-29 2.022E-02.05670.250 1668.09590.41-.023452          1 2 0          0 0 0 14  4 11       13  4 10      2641035141297122 9   174.0  162.0
 11 5742.212010 1.289E-26 1.329E-01.07420.265 2126.40760.67-.006002          0 2 1          0 1 0  6  5  2        5  3  3      4343234433255722 7    13.0   11.0
 11 5742.316614 1.164E-28 1.636E-04.08360.412 1908.01640.69-.004327          1 2 0          0 1 0  5  5  0        4  2  3      3442334432287122 8    33.0   27.0
 14 5742.355120 1.221E-28 1.043E-03.08010.371  467.51450.63-.006012          1 2 0          0 0 0  6  4  3        6  3  4      5641035041257122 7    78.0   78.0
 11 5742.374561 2.009E-29 1.618E-01.08110.391 3722.73100.67-.009157          1 1 1          0 2 0  6  3  3        5  3  2      4442334432257122 7    39.0   33.0
 11 5742.487638 2.712E-28 9.617E-03.03610.298 2705.13920.51-.017558          2 0 0          0 1 0 10  2  9       10  1 10      4442334432287122 8    63.0   63.0
 11 5742.631227 4.657E-27 1.073E-02.09940.456 1742.30560.72-.007545          0 0 2          0 1 0  1  1  0        2  2  1      3742234433257122 7     9.0   15.0
 13 5742.766796 1.430E-29 6.368E-05.07300.326  584.94070.61-.004184          1 1 0          0 0 0  7  5  2        7  0  7      5643435436285722 8   270.0  270.0
 11 5742.810475 3.800E-29 4.130E-04.08120.352 2392.59230.61-.003814          1 0 1          0 1 0  7  4  4        7  2  5      4442334432257122 7    45.0   45.0
 12 5742.830900 1.350E-29 1.198E-02.05010.211 1863.01970.51-.012742          0 1 1          0 0 0 10  8  3       10  6  4      564433483631572210    21.0   21.0
 11 5742.902340 4.569E-23 6.046E-02.07880.394  508.81200.67-.005099          0 1 1          0 0 0  6  5  1        5  3  2      578521303382662234    39.0   33.0
 11 5742.932544 7.180E-28 1.098E-02.09150.352 2462.87520.61-.013651          0 0 2          0 1 0  7  2  5        7  3  4      4742234433257122 7    45.0   45.0
 11 5743.075810 2.301E-26 2.125E-02.08100.141 1821.59680.69-.006890          1 0 1          0 1 0  5  1  5        4  1  4      5544233033255722 7    33.0   27.0
 11 5743.127552 7.823E-27 7.372E+00.05590.195 3472.88010.37-.026872          0 1 1          0 0 0 16  6 10       15  6  9      374423443331572211    99.0   93.0
 11 5743.199081 6.397E-29 3.295E-03.01950.208 2660.94480.35-.005776          0 3 0          0 0 0 17  3 15       16  0 16      2442334432297122 9    35.0   33.0
 11 5743.212558 5.504E-28 3.030E+00.01940.250 3583.37250.41-.015965          0 1 1          0 0 0 14 10  5       13 10  4      374223443331712211    29.0   27.0
 11 5743.213825 1.651E-27 3.029E+00.02090.250 3583.37060.41-.016202          0 1 1          0 0 0 14 10  4       13 10  3      374223443331712211    87.0   81.0
 11 5743.225843 5.598E-29 8.056E-01.00630.265 3766.37890.44-.013025          0 1 1          0 0 0 13 12  1       12 12  0      244233443231712211    27.0   25.0
 11 5743.225850 1.679E-28 8.054E-01.00930.265 3766.37890.44-.011388          0 1 1          0 0 0 13 12  2       12 12  1      244233443231712211    81.0   75.0
 11 5743.376754 1.101E-28 5.095E-03.06290.333 2490.35400.57-.004366          0 2 1          0 1 0  8  5  4        8  1  7      444233443230712210    17.0   17.0
 12 5743.396810 4.030E-29 1.189E-02.05030.311 1862.45500.51-.013036          0 1 1          0 0 0 10  8  2       10  6  5      564443483631572210    63.0   63.0
 12 5743.498890 1.390E-29 2.153E-01.06920.221 2677.28370.55-.003011          0 2 1          0 1 0 10  3  7        9  1  8      5644334836255722 7    63.0   57.0
 11 5743.513761 1.054E-27 6.218E+00.03240.221 3624.17910.37-.011572          0 1 1          0 0 0 16  7 10       15  7  9      374223443331712211    33.0   31.0
 11 5743.550204 9.256E-28 7.680E-03.08910.412 2005.91670.69-.009058          0 0 2          0 1 0  4  2  2        4  3  1      4742234433257122 7     9.0    9.0
 14 5743.584423 8.843E-29 1.115E-03.07820.352  576.90470.61-.005964          1 2 0          0 0 0  7  4  4        7  3  5      5641035041257122 7    90.0   90.0
 14 5743.611449 1.277E-29 6.144E-05.08550.352  404.44570.61-.007540          2 0 0          0 0 0  8  4  4        7  1  7      5641035041287122 8   102.0   90.0
 14 5743.629454 1.077E-29 3.686E-05.09100.371  308.61570.63-.003696          1 2 0          0 0 0  7  2  5        6  1  6      5641035041257122 7    90.0   78.0
 12 5743.634060 2.160E-28 1.643E-03.02970.324 1109.80220.51-.012282          0 1 1          0 0 0 10  3  7       10  1 10      564643483630572210    63.0   63.0
 12 5743.675347 3.180E-28 5.258E-03.06090.308 1288.26750.51-.012953          1 1 0          0 0 0 11  3  8       10  2  9      6644435436285722 8    69.0   63.0
 13 5743.704345 6.940E-29 4.688E-04.07700.391  415.14500.670.000000         -2-2-2          0 0 0  6 -1 -1        5  2  4      0522234636917122 0    78.0   66.0
 11 5744.050797 5.200E-28 5.366E-03.07440.391 2126.40760.67-.011958          1 0 1          0 1 0  6  3  4        5  3  3      4342234433257122 7    13.0   11.0
 12 5744.132430 6.480E-29 6.476E-03.04770.252 1619.05600.55-.008734          0 1 1          0 0 0  9  8  2        9  6  3      564443483630572210    57.0   57.0
 12 5744.137740 4.280E-29 1.366E-02.05010.281 1688.35690.470.000000         -2-2-2          0 0 0 12 -2 -2       11  3  9      0622234736917122 0    25.0   23.0
 12 5744.292320 2.160E-29 6.472E-03.05140.184 1618.89610.55-.011913          0 1 1          0 0 0  9  8  1        9  6  4      564343483631572210    19.0   19.0
 12 5744.293540 3.680E-29 2.369E-01.08030.375 2453.05760.61-.005394          0 2 1          0 1 0  8  5  3        7  3  4      5645434836285722 7    51.0   45.0
 12 5744.294030 4.010E-28 1.316E-03.06700.311  916.25800.550.011999          0 1 1          0 0 0  9  4  6        9  0  9      5676434836115722 8    57.0   57.0
 12 5744.314340 1.250E-29 1.959E-02.08700.434 1805.57700.71-.006274          2 0 0          0 1 0  4  3  1        3  2  2      5642334836257122 7     9.0    7.0
 13 5744.341395 3.610E-28 1.255E-02.06400.312 1076.79930.550.005000          1 1 0          0 0 0 10  4  7        9  1  8      467641543611572245   378.0  342.0
 11 5744.386054 5.720E-27 3.669E-02.06850.278 2309.73010.61-.004640          2 0 0          0 1 0  8  2  7        7  1  6      4743234433255722 7    51.0   45.0
 11 5744.410864 1.447E-27 7.028E+00.03340.208 3822.24350.35-.014972          0 1 1          0 0 0 17  6 12       16  6 11      374223443331712211   105.0   99.0
 12 5744.462590 2.070E-29 2.386E-03.04280.333 1399.46310.57-.011734          0 1 1          0 0 0  8  8  1        8  6  2      564233483630712210    17.0   17.0
 12 5744.500500 6.190E-29 2.378E-03.04500.226 1399.42790.57-.009419          0 1 1          0 0 0  8  8  0        8  6  3      564543483630572210    51.0   51.0
 14 5744.532027 1.715E-29 5.079E-03.06500.265 1347.12000.44-.017756          0 4 0          0 0 0 13  2 11       12  3 10      2641035141287122 8   162.0  150.0
 11 5744.615437 3.151E-28 4.379E-03.05230.315 2512.28250.55-.006345          1 2 0          0 1 0 10  3  8        9  0  9      4542234433257122 7    63.0   57.0
 13 5744.791385 3.620E-29 1.746E-03.05810.315  918.18840.550.000000         -2-2-2          0 0 0 10 -2 -2        9  1  9      0622234636917122 0   126.0  114.0
 11 5744.798810 1.507E-26 1.340E-02.08600.382 1772.41340.71-.007677          1 0 1          0 1 0  4  1  3        3  1  2      5544233033115722 7    27.0   21.0
 14 5744.826990 1.347E-29 3.559E-05.08600.391  225.86490.670.001684          0 4 0          0 0 0  6  3  4        5  1  5      2641035141257122 7    78.0   66.0
 14 5744.895643 3.385E-29 1.619E-04.09020.352  403.16150.61-.014820          2 0 0          0 0 0  8  4  4        7  0  7      5641035041287122 8   102.0   90.0
 14 5744.988193 3.882E-29 5.111E-03.05410.281 1164.50970.47-.012020          2 0 0          0 0 0 12  5  8       11  3  9      5641035041297122 8   150.0  138.0
 11 5745.089392 2.217E-29 3.915E-02.09310.434 3334.62650.71-.007677          1 1 1          0 2 0  4  1  3        3  1  2      4442334432257122 7    27.0   21.0
 14 5745.130300 1.401E-28 1.818E-02.05220.306 1105.00370.57-.014808          1 2 0          0 0 0  9  6  3        8  6  2      3646035041285722 8   114.0  102.0
 14 5745.152499 1.401E-28 1.818E-02.05300.333 1105.00350.57-.010728          1 2 0          0 0 0  9  6  4        8  6  3      2641035141287122 8   114.0  102.0
 12 5745.184640 2.980E-29 1.818E-02.07370.391 1913.02290.67-.006990          1 0 1          0 1 0  6  0  6        5  0  5      5542334836257122 7    39.0   33.0
 11 5745.340089 1.273E-29 1.041E-02.03690.265 3386.37870.44-.013822          0 2 1          0 1 0 12  4  8       12  2 11      444233443231712210    75.0   75.0
 14 5745.401577 5.581E-29 1.139E-03.07430.333  701.62030.57-.003208          1 2 0          0 0 0  8  4  5        8  3  6      5641035041287122 7   102.0  102.0
 12 5745.684160 2.230E-28 2.998E-03.07610.372  980.22220.57-.000388          1 1 0          0 0 0  9  5  5        8  2  6      5546434836285722 7    19.0   17.0
 11 5745.693778 3.311E-27 4.682E-02.04770.340 2495.16570.57-.019287          2 0 0          0 1 0  9  1  8        8  2  7      4743234433255722 7    57.0   51.0
 11 5745.805063 8.162E-29 4.321E-02.05250.235 3101.43970.40-.026172          0 1 1          0 0 0 14  8  7       14  6  8      344233443231712211    29.0   29.0
 13 5745.894788 1.830E-29 8.194E-02.05400.298 1868.91390.510.000000         -2-2-2          0 0 0 11 -1 -1       10  6  4      0622234636917122 0   138.0  126.0
 14 5745.930399 1.031E-29 3.492E-05.09000.371  306.31470.63-.007160          1 2 0          0 0 0  7  2  5        6  0  6      5641035041257122 7    90.0   78.0
 11 5745.938718 1.211E-26 6.619E+00.05750.219 3360.59890.37-.014772          0 1 1          0 0 0 16  5 11       15  5 10      374423443331572211    99.0   93.0
 13 5745.997816 4.840E-27 9.322E-02.08510.407  659.98670.63-.005939          0 1 1          0 0 0  7  5  2        6  3  3      665540543667662223    90.0   78.0
