 21 7800.049604 7.849E-30 9.500e-05.07200.098 2184.49490.72-.008317       4 3 3 12       0 3 3 01                    R 21e     3677642029 5 4 5 7    45.0   43.0
 21 7800.089171 2.493E-30 7.459e-05.06430.067 2608.55590.68-.010096       4 1 1 12       0 1 1 01                    R 70f     4677642030 5 4 5 7   143.0  141.0
 23 7800.193078 1.060E-30 1.583e-06.06820.082  574.07900.76-.008846       4 0 0 11       0 0 0 01                    P 39e     3377642330 5 4 5 7    77.0   79.0
 21 7800.307983 1.530E-30 9.357e-07.06730.073 1744.64440.73-.009804       3 0 0 23       0 1 1 01                    Q 52f     3677642029 5 4 5 7   105.0  105.0
 21 7800.333514 2.882E-29 6.074e-05.06840.082 1945.79590.76-.008898       4 2 2 12       0 2 2 01                    R 39f     3577642030 5 4 5 7    81.0   79.0
 21 7800.348889 3.205E-29 7.675e-05.06830.081 1977.09380.76-.008912       4 2 2 12       0 2 2 01                    R 40e     3577642030 5 4 5 7    83.0   81.0
 22 7800.365693 8.820E-30 1.201e-05.07800.105  719.56490.69-.007267       4 1 1 11       0 1 1 01                    R 13e     4377742230 5 4 5 7    58.0   54.0
 22 7800.423675 1.240E-29 1.727e-05.07900.106  709.50900.69-.007099       4 1 1 11       0 1 1 01                    R 12f     4377742230 5 4 5 7    54.0   50.0
 23 7800.477519 1.707E-30 6.501e-07.07800.104   77.35150.69-.007895       2 1 1 22       0 0 0 01                    P 14e     3677742332 5 4 5 7    27.0   29.0
 21 7800.688924 1.451E-30 1.667e-07.06600.070 1426.41530.70-.008858       5 1 1 01       0 0 0 01                    P 60e     3377742030 5 4 5 7   119.0  121.0
 21 7800.751159 7.495E-30 9.447e-05.07150.097 2201.75370.72-.008378       4 3 3 12       0 3 3 01                    R 22f     3677642029 5 4 5 7    47.0   45.0
 21 7800.964788 1.481E-30 7.414e-05.06390.067 2720.05690.68-.010219       4 1 1 12       0 1 1 01                    R 72f     4677642030 5 4 5 7   147.0  145.0
 22 7801.001786 2.990E-30 4.296e-06.08010.107  700.03650.70-.007407       3 0 0 22       0 1 1 01                    R 11e     3377742230 5 4 5 7    50.0   46.0
 23 7801.027412 1.070E-30 1.427e-06.06820.083  545.36940.76-.008835       4 0 0 11       0 0 0 01                    P 38e     3377642330 5 4 5 7    75.0   77.0
 23 7801.316541 1.863E-30 7.288e-07.07890.105   67.00570.69-.007692       2 1 1 22       0 0 0 01                    P 13e     3677742332 5 4 5 7    25.0   27.0
 21 7801.342218 2.348E-29 6.419e-05.06830.080 2009.17250.76-.008924       4 2 2 12       0 2 2 01                    R 41f     3577642030 5 4 5 7    85.0   83.0
 21 7801.345710 2.498E-29 7.827e-05.06820.079 2042.03120.76-.008945       4 2 2 12       0 2 2 01                    R 42e     3577642030 5 4 5 7    87.0   85.0
 21 7801.424428 7.137E-30 9.421e-05.07110.097 2219.79610.73-.008445       4 3 3 12       0 3 3 01                    R 23e     3677642029 5 4 5 7    49.0   47.0
 22 7801.516407 8.050E-30 1.076e-05.07610.103  742.21700.69-.007632       4 1 1 11       0 1 1 01                    R 15e     4377642230 5 4 5 7    66.0   62.0
 21 7801.758330 7.637E-30 1.530e-07.07260.099  847.82630.71-.008833       3 0 0 23       0 1 1 01                    P 21e     3677642029 5 4 5 7    41.0   43.0
 22 7801.842922 1.300E-29 1.748e-05.07710.104  730.63350.69-.007449       4 1 1 11       0 1 1 01                    R 14f     4377642230 5 4 5 7    62.0   58.0
 21 7801.873429 2.224E-30 9.567e-07.06760.074 1664.19460.74-.009740       3 0 0 23       0 1 1 01                    Q 50f     3677642029 5 4 5 7   101.0  101.0
 23 7801.922809 1.630E-30 1.950e-06.06830.084  517.41420.76-.008826       4 0 0 11       0 0 0 01                    P 37e     3377642330 5 4 5 7    73.0   75.0
 23 7802.097147 1.036E-30 2.838e-06.06790.078  728.56980.75-.009545       2 1 1 22       0 0 0 01                    Q 44e     3677642332 5 4 5 7    89.0   89.0
 21 7802.124970 6.726E-30 9.350e-05.07070.096 2238.62280.73-.008507       4 3 3 12       0 3 3 01                    R 24f     3677642029 5 4 5 7    51.0   49.0
 23 7802.156279 2.031E-30 8.245e-07.07990.107   57.43390.70-.007478       2 1 1 22       0 0 0 01                    P 12e     3677742332 5 4 5 7    23.0   25.0
 21 7802.201201 2.075E-30 1.573e-07.06640.071 1333.76790.71-.008780       5 1 1 01       0 0 0 01                    P 58e     3377742030 5 4 5 7   115.0  117.0
 21 7802.320285 1.904E-29 7.942e-05.06800.078 2110.09010.75-.008982       4 2 2 12       0 2 2 01                    R 44e     3577642030 5 4 5 7    91.0   89.0
 22 7802.326255 4.130E-30 5.627e-06.07810.105  719.56490.69-.007765       3 0 0 22       0 1 1 01                    R 13e     3377742230 5 4 5 7    58.0   54.0
 21 7802.337488 1.859E-29 6.707e-05.06810.079 2075.67110.75-.008956       4 2 2 12       0 2 2 01                    R 43f     3577642030 5 4 5 7    89.0   87.0
 23 7802.513811 1.184E-30 2.835e-06.06800.079  696.21040.75-.009519       2 1 1 22       0 0 0 01                    Q 43e     3677642332 5 4 5 7    87.0   87.0
 22 7802.601494 7.030E-30 9.501e-06.07440.101  767.99240.70-.007941       4 1 1 11       0 1 1 01                    R 17e     4377642230 5 4 5 7    74.0   70.0
 21 7802.781966 6.335E-30 9.323e-05.07040.095 2258.23290.74-.008566       4 3 3 12       0 3 3 01                    R 25e     3677642029 5 4 5 7    53.0   51.0
 23 7802.816313 1.027E-30 1.107e-06.06850.085  490.19340.76-.009538       3 3 3 14       0 0 0 01                    P 36e     3377642332 5 4 5 7    71.0   73.0
 23 7802.920890 1.347E-30 2.831e-06.06800.079  664.55410.76-.009496       2 1 1 22       0 0 0 01                    Q 42e     3677642332 5 4 5 7    85.0   85.0
 23 7802.993404 2.033E-30 8.661e-07.08090.108   48.59830.70-.007274       2 1 1 22       0 0 0 01                    P 11e     3677742332 5 4 5 7    21.0   23.0
 22 7803.242450 1.300E-29 1.743e-05.07520.102  754.88660.69-.007795       4 1 1 11       0 1 1 01                    R 16f     4377642230 5 4 5 7    70.0   66.0
 21 7803.271604 1.420E-29 8.021e-05.06780.076 2181.26900.75-.009030       4 2 2 12       0 2 2 01                    R 46e     3577642030 5 4 5 7    95.0   93.0
 23 7803.318369 1.526E-30 2.827e-06.06810.080  633.66180.76-.009472       2 1 1 22       0 0 0 01                    Q 41e     3677642332 5 4 5 7    83.0   83.0
 21 7803.318544 1.432E-29 6.937e-05.06800.077 2145.29030.75-.008997       4 2 2 12       0 2 2 01                    R 45f     3577642030 5 4 5 7    93.0   91.0
 21 7803.375697 3.176E-30 9.772e-07.06780.076 1586.85820.74-.009688       3 0 0 23       0 1 1 01                    Q 48f     3677642029 5 4 5 7    97.0   97.0
 21 7803.484751 5.893E-30 9.230e-05.07010.094 2278.62670.74-.008616       4 3 3 12       0 3 3 01                    R 26f     3677642029 5 4 5 7    55.0   53.0
 22 7803.619994 5.930E-30 8.325e-06.07300.100  796.89080.71-.008693       3 0 0 22       0 1 1 01                    R 19e     3377642230 5 4 5 7    82.0   78.0
 22 7803.627984 5.240E-30 7.007e-06.07620.103  742.21700.69-.008152       3 0 0 22       0 1 1 01                    R 15e     3377642230 5 4 5 7    66.0   62.0
 23 7803.700640 2.057E-30 2.006e-06.06850.086  463.70740.76-.008799       4 0 0 11       0 0 0 01                    P 35e     3377642332 5 4 5 7    69.0   71.0
 23 7803.706234 1.721E-30 2.821e-06.06810.081  603.50330.76-.009462       2 1 1 22       0 0 0 01                    Q 40e     3677642332 5 4 5 7    81.0   81.0
 21 7803.726443 2.911E-30 1.480e-07.06670.071 1244.22050.72-.008707       5 1 1 01       0 0 0 01                    P 56e     3377742030 5 4 5 7   111.0  113.0
 23 7803.825420 2.029E-30 9.188e-07.08200.109   40.49890.71-.007071       2 1 1 22       0 0 0 01                    P 10e     3677742332 5 4 5 7    19.0   21.0
 21 7803.852680 9.867E-30 1.876e-07.07390.101  815.80320.70-.008678       3 0 0 23       0 1 1 01                    P 19e     3677642029 5 4 5 7    37.0   39.0
 23 7804.084468 1.933E-30 2.816e-06.06820.082  574.07900.76-.009452       2 1 1 22       0 0 0 01                    Q 39e     3677642332 5 4 5 7    79.0   79.0
 21 7804.121614 5.496E-30 9.208e-05.06980.093 2299.80420.74-.008664       4 3 3 12       0 3 3 01                    R 27e     3677642029 5 4 5 7    57.0   55.0
 21 7804.198877 1.038E-29 8.076e-05.06760.075 2255.56670.74-.009085       4 2 2 12       0 2 2 01                    R 48e     3577642030 5 4 5 7    99.0   97.0
 21 7804.284851 1.077E-29 7.126e-05.06770.076 2218.02930.74-.009055       4 2 2 12       0 2 2 01                    R 47f     3577642030 5 4 5 7    97.0   95.0
 21 7804.391405 1.001E-30 4.586e-07.07120.097 1519.64110.73-.009045       3 1 1 23       1 0 0 02                    P 24e     3677642029 5 4 5 7    47.0   49.0
 22 7804.571760 4.860E-30 7.265e-06.07190.098  828.91150.72-.008863       3 0 0 22       0 1 1 01                    R 21e     3377642230 5 4 5 7    90.0   86.0
 23 7804.583071 2.275E-30 2.017e-06.06860.087  437.95560.76-.008775       4 0 0 11       0 0 0 01                    P 34e     3377642332 5 4 5 7    67.0   69.0
 22 7804.622425 1.510E-29 2.076e-05.07360.100  782.26780.70-.008045       4 1 1 11       0 1 1 01                    R 18f     4677642231 5 4 5 7    78.0   74.0
 23 7804.650567 1.976E-30 9.651e-07.08310.110   33.13570.72-.006874       2 1 1 22       0 0 0 01                    P  9e     3677742332 5 4 5 7    17.0   19.0
 23 7804.811957 2.403E-30 2.801e-06.06840.084  517.43280.76-.009420       2 1 1 22       0 0 0 01                    Q 37e     3677642332 5 4 5 7    75.0   75.0
 21 7804.815026 4.456E-30 9.973e-07.06800.077 1512.63650.75-.009643       3 0 0 23       0 1 1 01                    Q 46f     3677642029 5 4 5 7    93.0   93.0
 21 7804.830954 5.047E-30 9.091e-05.06960.092 2321.76490.75-.008700       4 3 3 12       0 3 3 01                    R 28f     3677642029 5 4 5 7    59.0   57.0
 22 7804.909146 6.170E-30 8.343e-06.07450.101  767.99240.70-.008479       3 0 0 22       0 1 1 01                    R 17e     3377642230 5 4 5 7    74.0   70.0
 21 7805.101481 7.444E-30 8.112e-05.06740.074 2332.98220.73-.009136       4 2 2 12       0 2 2 01                    R 50e     3577742030 5 4 5 7   103.0  101.0
 23 7805.161161 2.662E-30 2.793e-06.06850.085  490.21120.76-.009411       2 1 1 22       0 0 0 01                    Q 36e     3677642332 5 4 5 7    73.0   73.0
 21 7805.236119 7.910E-30 7.269e-05.06750.074 2293.88670.74-.009110       4 2 2 12       0 2 2 01                    R 49f     3577742030 5 4 5 7   101.0   99.0
 21 7805.262996 4.002E-30 1.387e-07.06700.072 1157.77400.72-.008618       5 1 1 01       0 0 0 01                    P 54e     3377742030 5 4 5 7   107.0  109.0
 21 7805.442596 4.666E-30 9.081e-05.06940.091 2344.50930.75-.008724       4 3 3 12       0 3 3 01                    R 29e     3677642029 5 4 5 7    61.0   59.0
 22 7805.457177 3.890E-30 6.337e-06.07100.096  864.05410.73-.009000       3 0 0 22       0 1 1 01                    R 23e     3377642230 5 4 5 7    98.0   94.0
 23 7805.461184 2.507E-30 2.029e-06.06880.088  412.93850.76-.008747       4 0 0 11       0 0 0 01                    P 33e     3377642332 5 4 5 7    65.0   67.0
 23 7805.467627 1.874E-30 1.005e-06.08420.112   26.50870.73-.006702       2 1 1 22       0 0 0 01                    P  8e     3677742332 5 4 5 7    15.0   17.0
 23 7805.500630 2.838E-30 2.692e-06.06860.086  463.72410.76-.009395       2 1 1 22       0 0 0 01                    Q 35e     3677642332 5 4 5 7    71.0   71.0
 23 7805.830323 3.122E-30 2.689e-06.06870.087  437.97150.76-.009373       2 1 1 22       0 0 0 01                    Q 34e     3677642332 5 4 5 7    69.0   69.0
 21 7805.892214 1.221E-29 2.263e-07.07550.102  786.90280.69-.008449       3 0 0 23       0 1 1 01                    P 17e     3677642029 5 4 5 7    33.0   35.0
 21 7805.978918 5.237E-30 8.127e-05.06720.073 2413.51370.73-.009205       4 2 2 12       0 2 2 01                    R 52e     3577742030 5 4 5 7   107.0  105.0
 22 7805.983033 1.440E-29 2.084e-05.07240.099  812.77680.71-.008223       4 1 1 11       0 1 1 01                    R 20f     4677642231 5 4 5 7    86.0   82.0
 23 7806.150195 3.419E-30 2.685e-06.06880.088  412.95360.76-.009350       2 1 1 22       0 0 0 01                    Q 33e     3677642332 5 4 5 7    67.0   67.0
 21 7806.164060 4.227E-30 8.932e-05.06930.090 2368.03690.75-.008754       4 3 3 12       0 3 3 01                    R 30f     3677642029 5 4 5 7    63.0   61.0
 22 7806.170946 6.820E-30 9.581e-06.07300.100  796.89080.71-.008141       4 1 1 11       0 1 1 01                    R 19e     4377642230 5 4 5 7    82.0   78.0
 21 7806.172287 5.686E-30 7.380e-05.06730.073 2372.86130.73-.009169       4 2 2 12       0 2 2 01                    R 51f     3577742030 5 4 5 7   105.0  103.0
 21 7806.191651 6.138E-30 1.016e-06.06820.078 1441.53060.75-.009587       3 0 0 23       0 1 1 01                    Q 44f     3677642029 5 4 5 7    89.0   89.0
 23 7806.275763 1.717E-30 1.032e-06.08520.113   20.61800.74-.006558       2 1 1 22       0 0 0 01                    P  7e     3677742332 5 4 5 7    13.0   15.0
 22 7806.276901 3.060E-30 5.552e-06.07030.095  902.31800.74-.009129       3 0 0 22       0 1 1 01                    R 25e     3377642230 5 4 5 7   106.0  102.0
 21 7806.319901 1.473E-30 6.175e-07.07210.098 1482.95200.72-.008899       3 1 1 23       1 0 0 02                    P 22e     3677642029 5 4 5 7    43.0   45.0
 23 7806.334982 2.732E-30 2.028e-06.06890.089  388.65610.76-.008719       4 0 0 11       0 0 0 01                    P 32e     3377642332 5 4 5 7    63.0   65.0
 23 7806.460187 3.712E-30 2.671e-06.06890.089  388.67050.76-.009326       2 1 1 22       0 0 0 01                    Q 32e     3677642332 5 4 5 7    65.0   65.0
 21 7806.743960 3.880E-30 8.945e-05.06920.089 2392.34740.76-.008772       4 3 3 12       0 3 3 01                    R 31e     3677642029 5 4 5 7    65.0   63.0
 23 7806.760230 4.012E-30 2.656e-06.06900.090  365.12220.76-.009302       2 1 1 22       0 0 0 01                    Q 31e     3677642332 5 4 5 7    63.0   63.0
 21 7806.809353 5.394E-30 1.296e-07.06720.073 1074.43050.73-.008539       5 1 1 01       0 0 0 01                    P 52e     3377742030 5 4 5 7   103.0  105.0
 21 7806.830788 3.617E-30 8.127e-05.06700.072 2497.15990.72-.009281       4 2 2 12       0 2 2 01                    R 54e     3577742030 5 4 5 7   111.0  109.0
 22 7807.031677 2.360E-30 4.869e-06.06970.093  943.70260.74-.009232       3 0 0 22       0 1 1 01                    R 27e     3377642230 5 4 5 7   114.0  110.0
 23 7807.050235 4.311E-30 2.639e-06.06910.090  342.30900.75-.009274       2 1 1 22       0 0 0 01                    Q 30e     3677642332 5 4 5 7    61.0   61.0
 23 7807.074394 1.539E-30 1.067e-06.08610.115   15.46350.75-.006422       2 1 1 22       0 0 0 01                    P  6e     3677742332 5 4 5 7    11.0   13.0
 21 7807.093506 4.003E-30 7.461e-05.06710.072 2454.95170.73-.009245       4 2 2 12       0 2 2 01                    R 53f     3577642030 5 4 5 7   109.0  107.0
 23 7807.204468 3.003E-30 2.054e-06.06900.090  365.10850.75-.008690       4 0 0 11       0 0 0 01                    P 31e     3377642332 5 4 5 7    61.0   63.0
 23 7807.300925 2.621E-30 1.659e-06.06910.091  342.30900.75-.008671       4 0 0 11       0 0 0 01                    P 30e     3377642330 5 4 5 7    59.0   61.0
 22 7807.324485 1.120E-29 1.747e-05.07130.097  846.41290.72-.008359       4 1 1 11       0 1 1 01                    R 22f     4377642230 5 4 5 7    94.0   90.0
 23 7807.330095 4.617E-30 2.625e-06.06930.091  320.23070.75-.009255       2 1 1 22       0 0 0 01                    Q 29e     3677642332 5 4 5 7    59.0   59.0
 22 7807.413817 7.140E-30 1.068e-05.07180.098  828.91150.72-.008299       4 1 1 11       0 1 1 01                    R 21e     4377642230 5 4 5 7    90.0   86.0
 21 7807.484571 3.466E-30 8.759e-05.06900.088 2417.44140.76-.008788       4 3 3 12       0 3 3 01                    R 32f     3677642029 5 4 5 7    67.0   65.0
 21 7807.505810 8.304E-30 1.035e-06.06830.080 1373.54210.76-.009537       3 0 0 23       0 1 1 01                    Q 42f     3677642029 5 4 5 7    85.0   85.0
 23 7807.599668 4.899E-30 2.599e-06.06950.092  298.88760.75-.009223       2 1 1 22       0 0 0 01                    Q 28e     3677642332 5 4 5 7    57.0   57.0
 21 7807.656776 2.454E-30 8.116e-05.06670.071 2583.91970.72-.009367       4 2 2 12       0 2 2 01                    R 56e     3577742030 5 4 5 7   115.0  113.0
 22 7807.722235 1.800E-30 4.309e-06.06940.091  988.20710.75-.009297       3 0 0 22       0 1 1 01                    R 29e     3377642230 5 4 5 7   122.0  118.0
 23 7807.858779 5.183E-30 2.578e-06.06970.093  278.27970.74-.009178       2 1 1 22       0 0 0 01                    Q 27e     3677642332 5 4 5 7    55.0   55.0
 23 7807.863117 1.310E-30 1.087e-06.08690.116   11.08430.76-.006293       2 1 1 22       0 0 0 01                    P  5e     3677742332 5 4 5 7     9.0   11.0
 21 7807.877032 1.449E-29 2.697e-07.07730.104  761.12550.69-.008123       3 0 0 23       0 1 1 01                    P 15e     3677642029 5 4 5 7    29.0   31.0
 21 7808.000123 2.763E-30 7.518e-05.06680.071 2540.15620.72-.009327       4 2 2 12       0 2 2 01                    R 55f     3577742030 5 4 5 7   113.0  111.0
 21 7808.024593 3.161E-30 8.797e-05.06890.087 2443.31810.76-.008804       4 3 3 12       0 3 3 01                    R 33e     3677642029 5 4 5 7    69.0   67.0
 23 7808.086388 2.833E-30 1.667e-06.06930.092  320.23070.75-.008656       4 0 0 11       0 0 0 01                    P 29e     3377642330 5 4 5 7    57.0   59.0
 23 7808.107198 5.415E-30 2.538e-06.07000.094  258.40710.74-.009137       2 1 1 22       0 0 0 01                    Q 26e     3677642332 5 4 5 7    53.0   53.0
 21 7808.246937 2.027E-30 7.962e-07.07320.100 1449.38310.71-.008760       3 1 1 23       1 0 0 02                    P 20e     3677642029 5 4 5 7    39.0   41.0
 23 7808.344627 5.605E-30 2.488e-06.07030.095  239.26980.74-.009082       2 1 1 22       0 0 0 01                    Q 25e     3677642332 5 4 5 7    51.0   51.0
 22 7808.349238 1.350E-30 3.824e-06.06910.089 1035.83090.76-.009347       3 0 0 22       0 1 1 01                    R 31e     3377642230 5 4 5 7   130.0  126.0
 21 7808.364146 7.123E-30 1.206e-07.06740.074  994.19130.73-.008495       5 1 1 01       0 0 0 01                    P 50e     3377642030 5 4 5 7    99.0  101.0
 21 7808.456634 1.635E-30 8.090e-05.06630.070 2673.79130.71-.009458       4 2 2 12       0 2 2 01                    R 58e     3577742030 5 4 5 7   119.0  117.0
 23 7808.570673 5.726E-30 2.419e-06.07070.096  220.86800.73-.009024       2 1 1 22       0 0 0 01                    Q 24e     3677542332 5 4 5 7    49.0   49.0
 22 7808.637697 7.140E-30 1.164e-05.07090.096  864.05410.73-.008426       4 1 1 11       0 1 1 01                    R 23e     4377642230 5 4 5 7    98.0   94.0
 23 7808.641647 1.040E-30 1.090e-06.08760.117    7.40250.77-.006148       2 1 1 22       0 0 0 01                    P  4e     3677742332 5 4 5 7     7.0    9.0
 22 7808.647016 1.210E-29 2.080e-05.07050.096  883.17570.73-.008488       4 1 1 11       0 1 1 01                    R 24f     4677642231 5 4 5 7   102.0   98.0
 21 7808.757736 1.103E-29 1.053e-06.06840.082 1308.67160.76-.009504       3 0 0 23       0 1 1 01                    Q 40f     3677642029 5 4 5 7    81.0   81.0
 23 7808.784824 5.780E-30 2.336e-06.07110.097  203.20170.73-.008949       2 1 1 22       0 0 0 01                    Q 23e     3677642332 5 4 5 7    47.0   47.0
 21 7808.793018 2.784E-30 8.573e-05.06880.087 2469.97780.76-.008819       4 3 3 12       0 3 3 01                    R 34f     3677642029 5 4 5 7    71.0   69.0
 23 7808.870737 3.048E-30 1.676e-06.06950.093  298.88760.74-.008632       4 0 0 11       0 0 0 01                    P 28e     3377642330 5 4 5 7    55.0   57.0
 21 7808.892679 1.870E-30 7.551e-05.06650.071 2628.47390.71-.009414       4 2 2 12       0 2 2 01                    R 57f     3577642030 5 4 5 7   117.0  115.0
 22 7808.913440 1.210E-30 4.132e-06.06890.087 1086.57310.76-.009382       3 0 0 22       0 1 1 01                    R 33e     3377642231 5 4 5 7   138.0  134.0
 23 7808.986401 5.717E-30 2.223e-06.07150.097  186.27100.72-.008879       2 1 1 22       0 0 0 01                    Q 22e     3677642332 5 4 5 7    45.0   45.0
 23 7809.174534 5.532E-30 2.081e-06.07210.098  170.07590.72-.008801       2 1 1 22       0 0 0 01                    Q 21e     3677642332 5 4 5 7    43.0   43.0
 21 7809.230181 1.070E-30 8.050e-05.06600.070 2766.77290.71-.009540       4 2 2 12       0 2 2 01                    R 60e     3577642030 5 4 5 7   123.0  121.0
 21 7809.283242 2.527E-30 8.650e-05.06870.086 2497.42040.76-.008838       4 3 3 12       0 3 3 01                    R 35e     3677642029 5 4 5 7    73.0   71.0
 23 7809.348142 5.196E-30 1.901e-06.07260.099  154.61660.71-.008722       2 1 1 22       0 0 0 01                    Q 20e     3677642332 5 4 5 7    41.0   41.0
 23 7809.505975 4.744E-30 1.699e-06.07320.100  139.89300.70-.008642       2 1 1 22       0 0 0 01                    Q 19e     3677642332 5 4 5 7    39.0   39.0
 23 7809.646792 4.146E-30 1.462e-06.07390.101  125.90520.70-.008541       2 1 1 22       0 0 0 01                    Q 18e     3677642332 5 4 5 7    37.0   37.0
 23 7809.653911 3.260E-30 1.683e-06.06980.094  278.27970.74-.008589       4 0 0 11       0 0 0 01                    P 27e     3377642330 5 4 5 7    53.0   55.0
 23 7809.769699 3.459E-30 1.209e-06.07470.101  112.65340.69-.007883       3 2 2 11       0 0 0 01                    Q 17e     3677642332 5 4 5 7    35.0   35.0
 21 7809.771899 1.242E-30 7.564e-05.06620.070 2719.90280.71-.009501       4 2 2 12       0 2 2 01                    R 59f     3577742030 5 4 5 7   121.0  119.0
 21 7809.807216 1.646E-29 3.185e-07.07930.106  738.47170.69-.007726       3 0 0 23       0 1 1 01                    P 13e     3677742029 5 4 5 7    25.0   27.0
 22 7809.842299 6.850E-30 1.244e-05.07020.095  902.31800.74-.008548       4 1 1 11       0 1 1 01                    R 25e     4377642230 5 4 5 7   106.0  102.0
 23 7809.874586 2.741E-30 9.564e-07.07550.102  100.13740.69-.007743       3 2 2 11       0 0 0 01                    Q 16e     3677642332 5 4 5 7    33.0   33.0
 21 7809.926136 9.214E-30 1.118e-07.06760.076  917.05730.74-.008445       5 1 1 01       0 0 0 01                    P 48e     3377642030 5 4 5 7    95.0   97.0
 21 7809.947659 1.438E-29 1.070e-06.06860.083 1246.92050.76-.009475       3 0 0 23       0 1 1 01                    Q 38f     3677642029 5 4 5 7    77.0   77.0
 22 7809.950883 9.020E-30 1.746e-05.06990.094  923.06460.74-.008597       4 1 1 11       0 1 1 01                    R 26f     4377642230 5 4 5 7   110.0  106.0
 23 7809.962411 2.090E-30 7.331e-07.07650.103   88.35750.69-.007579       3 2 2 11       0 0 0 01                    Q 15e     3677642332 5 4 5 7    31.0   31.0
 23 7810.035093 1.541E-30 5.476e-07.07750.104   77.31350.69-.007398       3 2 2 11       0 0 0 01                    Q 14e     3677642332 5 4 5 7    29.0   29.0
 21 7810.089948 2.190E-30 8.371e-05.06860.085 2525.64550.76-.008849       4 3 3 12       0 3 3 01                    R 36f     3677642029 5 4 5 7    75.0   73.0
 23 7810.095038 1.122E-30 4.073e-07.07850.105   67.00570.69-.007220       3 2 2 11       0 0 0 01                    Q 13e     3677742332 5 4 5 7    27.0   27.0
 21 7810.162599 2.622E-30 9.902e-07.07460.101 1418.93480.70-.008575       3 1 1 23       1 0 0 02                    P 18e     3677642029 5 4 5 7    35.0   37.0
 23 7810.179111 1.112E-30 4.700e-07.07060.096  220.90420.73-.008450       3 2 2 11       0 0 0 01                    Q 24e     3677542332 5 4 5 7    49.0   49.0
 23 7810.225210 1.375E-30 5.560e-07.07100.097  203.20170.73-.008379       3 2 2 11       0 0 0 01                    Q 23e     3677642332 5 4 5 7    47.0   47.0
 23 7810.273174 1.723E-30 6.702e-07.07150.097  186.27100.72-.008314       3 2 2 11       0 0 0 01                    Q 22e     3677642332 5 4 5 7    45.0   45.0
 23 7810.323857 2.174E-30 8.179e-07.07200.098  170.07590.72-.008242       3 2 2 11       0 0 0 01                    Q 21e     3677642332 5 4 5 7    43.0   43.0
 23 7810.378323 2.731E-30 9.996e-07.07250.099  154.61660.71-.008169       3 2 2 11       0 0 0 01                    Q 20e     3677642332 5 4 5 7    41.0   41.0
 23 7810.435849 3.470E-30 1.691e-06.07010.094  258.40710.74-.008548       4 0 0 11       0 0 0 01                    P 26e     3377642330 5 4 5 7    51.0   53.0
 23 7810.437805 3.365E-30 1.205e-06.07320.100  139.89300.70-.008095       3 2 2 11       0 0 0 01                    Q 19e     3677642332 5 4 5 7    39.0   39.0
 23 7810.503529 4.098E-30 1.446e-06.07390.100  125.90520.70-.008001       3 2 2 11       0 0 0 01                    Q 18e     3677642332 5 4 5 7    37.0   37.0
 21 7810.518554 1.982E-30 8.498e-05.06850.084 2554.65280.76-.008867       4 3 3 12       0 3 3 01                    R 37e     3677642029 5 4 5 7    77.0   75.0
 23 7810.576377 4.884E-30 1.708e-06.07470.101  112.65340.70-.008414       2 1 1 22       0 0 0 01                    Q 17e     3677642332 5 4 5 7    35.0   35.0
 23 7810.656442 5.623E-30 1.962e-06.07560.102  100.13740.69-.008265       2 1 1 22       0 0 0 01                    Q 16e     3677642332 5 4 5 7    33.0   33.0
 23 7810.742753 6.248E-30 2.192e-06.07660.103   88.35750.69-.008091       2 1 1 22       0 0 0 01                    Q 15e     3677642332 5 4 5 7    31.0   31.0
 23 7810.833384 6.691E-30 2.378e-06.07750.104   77.31350.69-.007899       2 1 1 22       0 0 0 01                    Q 14e     3677642332 5 4 5 7    29.0   29.0
 23 7810.925912 6.946E-30 2.522e-06.07850.105   67.00570.69-.007711       2 1 1 22       0 0 0 01                    Q 13e     3677742332 5 4 5 7    27.0   27.0
 23 7811.017935 7.031E-30 2.632e-06.07950.106   57.43390.70-.007515       2 1 1 22       0 0 0 01                    Q 12e     3677742332 5 4 5 7    25.0   25.0
 22 7811.027287 6.350E-30 1.311e-05.06960.093  943.70260.74-.008645       4 1 1 11       0 1 1 01                    R 27e     4377642230 5 4 5 7   114.0  110.0
 21 7811.075805 1.840E-29 1.086e-06.06880.085 1188.28970.76-.009453       3 0 0 23       0 1 1 01                    Q 36f     3677642029 5 4 5 7    73.0   73.0
 23 7811.107379 6.928E-30 2.701e-06.08050.107   48.59830.70-.007317       2 1 1 22       0 0 0 01                    Q 11e     3677742332 5 4 5 7    23.0   23.0
 23 7811.192603 6.721E-30 2.759e-06.08160.108   40.49890.70-.007102       2 1 1 22       0 0 0 01                    Q 10e     3677742332 5 4 5 7    21.0   21.0
 23 7811.216494 3.680E-30 1.701e-06.07040.095  239.26980.73-.008498       4 0 0 11       0 0 0 01                    P 25e     3377542330 5 4 5 7    49.0   51.0
 22 7811.236369 7.820E-30 1.740e-05.06940.092  966.07880.75-.008681       4 1 1 11       0 1 1 01                    R 28f     4377642230 5 4 5 7   118.0  114.0
 23 7811.272366 6.403E-30 2.803e-06.08260.110   33.13570.71-.006872       2 1 1 22       0 0 0 01                    Q  9e     3677842332 5 4 5 7    19.0   19.0
 23 7811.345752 5.985E-30 2.835e-06.08370.111   26.50870.72-.006662       2 1 1 22       0 0 0 01                    Q  8e     3677842332 5 4 5 7    17.0   17.0
 21 7811.375925 1.692E-30 8.174e-05.06850.083 2584.44310.76-.008885       4 3 3 12       0 3 3 01                    R 38f     3377642030 5 4 5 7    79.0   77.0
 23 7811.412089 5.483E-30 2.861e-06.08480.113   20.61800.73-.006477       2 1 1 22       0 0 0 01                    Q  7e     3677742332 5 4 5 7    15.0   15.0
 23 7811.470887 4.911E-30 2.883e-06.08580.114   15.46350.75-.006319       2 1 1 22       0 0 0 01                    Q  6e     3677742332 5 4 5 7    13.0   13.0
 21 7811.494206 1.167E-29 1.032e-07.06790.077  843.03010.75-.008412       5 1 1 01       0 0 0 01                    P 46e     3377642030 5 4 5 7    91.0   93.0
 23 7811.521787 4.266E-30 2.897e-06.08680.116   11.04540.76-.006184       2 1 1 22       0 0 0 01                    Q  5e     3677742332 5 4 5 7    11.0   11.0
 23 7811.564524 3.566E-30 2.908e-06.08770.117    7.36360.77-.006067       2 1 1 22       0 0 0 01                    Q  4e     3677742332 5 4 5 7     9.0    9.0
 23 7811.598910 2.821E-30 2.915e-06.08860.119    4.41820.77-.005954       2 1 1 22       0 0 0 01                    Q  3e     3677742332 5 4 5 7     7.0    7.0
 23 7811.624806 2.040E-30 2.920e-06.08990.121    2.20910.78-.005796       2 1 1 22       0 0 0 01                    Q  2e     3677742332 5 4 5 7     5.0    5.0
 23 7811.642119 1.234E-30 2.923e-06.09520.129    0.73640.77-.005276       2 1 1 22       0 0 0 01                    Q  1e     3677742332 5 4 5 7     3.0    3.0
 21 7811.682839 1.785E-29 3.742e-07.08130.108  718.94190.70-.007306       3 0 0 23       0 1 1 01                    P 11e     3677742029 5 4 5 7    21.0   23.0
 21 7811.729126 1.526E-30 8.343e-05.06840.082 2615.01510.76-.008898       4 3 3 12       0 3 3 01                    R 39e     3677642029 5 4 5 7    81.0   79.0
 23 7811.995792 3.880E-30 1.710e-06.07080.096  220.86800.73-.008434       4 0 0 11       0 0 0 01                    P 24e     3377642330 5 4 5 7    47.0   49.0
 21 7812.057560 3.199E-30 1.195e-06.07640.103 1391.60780.69-.008297       3 1 1 23       1 0 0 02                    P 16e     3677642029 5 4 5 7    31.0   33.0
 21 7812.142392 2.309E-29 1.101e-06.06900.087 1132.78030.76-.009415       3 0 0 23       0 1 1 01                    Q 34f     3677642029 5 4 5 7    69.0   69.0
 22 7812.192390 5.700E-30 1.366e-05.06930.091  988.20710.75-.008705       4 1 1 11       0 1 1 01                    R 29e     4377642230 5 4 5 7   122.0  118.0
 22 7812.503778 6.650E-30 1.734e-05.06910.090 1012.21760.75-.008735       4 1 1 11       0 1 1 01                    R 30f     4377642230 5 4 5 7   126.0  122.0
 21 7812.651529 1.278E-30 7.943e-05.06830.081 2646.36960.76-.008912       4 3 3 12       0 3 3 01                    R 40f     3377642030 5 4 5 7    83.0   81.0
 23 7812.773691 4.070E-30 1.720e-06.07120.097  203.20170.72-.008364       4 0 0 11       0 0 0 01                    P 23e     3377642330 5 4 5 7    45.0   47.0
 21 7812.913548 1.155E-30 8.195e-05.06830.080 2678.50560.76-.008924       4 3 3 12       0 3 3 01                    R 41e     3677642029 5 4 5 7    85.0   83.0
 21 7813.067349 1.446E-29 9.477e-08.06810.078  772.11070.75-.008355       5 1 1 01       0 0 0 01                    P 44e     3377642030 5 4 5 7    87.0   89.0
 23 7813.091617 1.315E-30 1.869e-06.08900.119    0.73640.78-.005966       2 1 1 22       0 0 0 01                    R  1e     3677742332 5 4 5 7     5.0    3.0
 21 7813.147635 2.843E-29 1.116e-06.06920.089 1080.39310.76-.009367       3 0 0 23       0 1 1 01                    Q 32f     3677642029 5 4 5 7    65.0   65.0
 22 7813.337450 4.970E-30 1.409e-05.06900.089 1035.83090.76-.008753       4 1 1 11       0 1 1 01                    R 31e     4377642230 5 4 5 7   130.0  126.0
 21 7813.503956 1.836E-29 4.392e-07.08350.111  702.53630.72-.006904       3 0 0 23       0 1 1 01                    P  9e     3677742029 5 4 5 7    17.0   19.0
 23 7813.550140 4.240E-30 1.727e-06.07170.098  186.27100.72-.008298       4 0 0 11       0 0 0 01                    P 22e     3377642330 5 4 5 7    43.0   45.0
 22 7813.753441 5.540E-30 1.727e-05.06890.088 1061.48030.76-.008769       4 1 1 11       0 1 1 01                    R 32f     4377642230 5 4 5 7   134.0  130.0
 23 7813.796188 1.794E-30 1.835e-06.08820.118    2.20910.78-.006010       2 1 1 22       0 0 0 01                    R  2e     3677742332 5 4 5 7     7.0    5.0
 21 7813.924182 3.691E-30 1.408e-06.07830.105 1367.40260.69-.007930       3 1 1 23       1 0 0 02                    P 14e     3677742029 5 4 5 7    27.0   29.0
 21 7814.005338 1.226E-30 5.499e-06.06800.077 2128.89870.75-.009643       3 1 1 23       1 0 0 02                    Q 46e     3677642029 5 4 5 7    93.0   93.0
 21 7814.091739 3.431E-29 1.130e-06.06940.091 1031.12920.75-.009315       3 0 0 23       0 1 1 01                    Q 30f     3677642029 5 4 5 7    61.0   61.0
 23 7814.325091 4.400E-30 1.738e-06.07220.099  170.07590.71-.008237       4 0 0 11       0 0 0 01                    P 21e     3377642330 5 4 5 7    41.0   43.0
 22 7814.462442 4.230E-30 1.447e-05.06880.087 1086.57310.76-.008784       4 1 1 11       0 1 1 01                    R 33e     4377642230 5 4 5 7   138.0  134.0
 23 7814.490349 2.282E-30 1.836e-06.08760.117    4.41820.77-.005998       2 1 1 22       0 0 0 01                    R  3e     3677742332 5 4 5 7     9.0    7.0
 21 7814.644659 1.754E-29 8.670e-08.06820.080  704.30050.76-.008302       5 1 1 01       0 0 0 01                    P 42e     3377642030 5 4 5 7    83.0   85.0
 21 7814.880300 1.603E-30 5.323e-06.06820.078 2057.94870.75-.009587       3 1 1 23       1 0 0 02                    Q 44e     3677642029 5 4 5 7    89.0   89.0
 21 7814.974901 4.058E-29 1.143e-06.06980.093  984.98900.75-.009264       3 0 0 23       0 1 1 01                    Q 28f     3677642029 5 4 5 7    57.0   57.0
 22 7814.985711 4.520E-30 1.716e-05.06870.086 1113.86610.76-.008799       4 1 1 11       0 1 1 01                    R 34f     4377642230 5 4 5 7   142.0  138.0
 23 7815.098500 4.530E-30 1.745e-06.07280.099  154.61660.71-.008171       4 0 0 11       0 0 0 01                    P 20e     3377642330 5 4 5 7    39.0   41.0
 23 7815.174293 2.774E-30 1.852e-06.08690.116    7.36360.76-.006038       2 1 1 22       0 0 0 01                    R  4e     3677742332 5 4 5 7    11.0    9.0
 21 7815.270610 1.771E-29 5.196e-07.08550.114  689.25530.74-.006587       3 0 0 23       0 1 1 01                    P  7e     3677742029 5 4 5 7    13.0   15.0
 22 7815.567476 3.510E-30 1.475e-05.06860.085 1140.43300.76-.008818       4 1 1 11       0 1 1 01                    R 35e     4377642230 5 4 5 7   146.0  142.0
 21 7815.708076 2.043E-30 5.109e-06.06830.080 1990.10800.76-.009537       3 1 1 23       1 0 0 02                    Q 42e     3677642029 5 4 5 7    85.0   85.0
 21 7815.756691 4.025E-30 1.628e-06.08030.107 1346.31960.70-.007511       3 1 1 23       1 0 0 02                    P 12e     3677742029 5 4 5 7    23.0   25.0
 21 7815.797308 4.699E-29 1.155e-06.07030.095  941.97360.74-.009177       3 0 0 23       0 1 1 01                    Q 26f     3677642029 5 4 5 7    53.0   53.0
 23 7815.848297 3.259E-30 1.875e-06.08610.115   11.04540.75-.006132       2 1 1 22       0 0 0 01                    R  5e     3677742332 5 4 5 7    13.0   11.0
 23 7815.870323 4.640E-30 1.754e-06.07350.100  139.89300.70-.008096       4 0 0 11       0 0 0 01                    P 19e     3377642330 5 4 5 7    37.0   39.0
 22 7816.200965 3.620E-30 1.704e-05.06850.084 1169.37410.76-.008830       4 1 1 11       0 1 1 01                    R 36f     4377642230 5 4 5 7   150.0  146.0
 21 7816.225323 2.078E-29 7.883e-08.06830.082  639.60040.76-.008287       5 1 1 01       0 0 0 01                    P 40e     3377642030 5 4 5 7    79.0   81.0
 21 7816.487412 2.534E-30 4.856e-06.06840.082 1925.37740.76-.009504       3 1 1 23       1 0 0 02                    Q 40e     3677642029 5 4 5 7    81.0   81.0
 23 7816.512758 3.702E-30 1.886e-06.08510.113   15.46350.74-.006274       2 1 1 22       0 0 0 01                    R  6e     3677742332 5 4 5 7    15.0   13.0
 21 7816.559140 5.325E-29 1.167e-06.07100.096  902.08370.73-.009064       3 0 0 23       0 1 1 01                    Q 24f     3677542029 5 4 5 7    49.0   49.0
 23 7816.640520 4.725E-30 1.765e-06.07420.101  125.90520.70-.008001       4 0 0 11       0 0 0 01                    P 18e     3377642330 5 4 5 7    35.0   37.0
 22 7816.652785 3.380E-30 1.776e-05.06840.083 1197.40950.76-.008847       4 1 1 11       0 1 1 01                    R 37e     4677642231 5 4 5 7   154.0  150.0
 21 7816.982830 1.567E-29 6.323e-07.08730.117  679.09900.76-.006321       3 0 0 23       0 1 1 01                    P  5e     3677742029 5 4 5 7     9.0   11.0
 23 7817.168253 4.150E-30 1.913e-06.08410.112   20.61800.73-.006464       2 1 1 22       0 0 0 01                    R  7e     3677742332 5 4 5 7    17.0   15.0
 21 7817.216881 3.049E-30 4.556e-06.06860.083 1863.75850.76-.009475       3 1 1 23       1 0 0 02                    Q 38e     3677642029 5 4 5 7    77.0   77.0
 21 7817.260564 5.899E-29 1.177e-06.07190.098  865.31990.72-.008918       3 0 0 23       0 1 1 01                    Q 22f     3677642029 5 4 5 7    45.0   45.0
 22 7817.399606 3.400E-30 2.021e-05.06830.083 1228.00340.76-.008866       4 1 1 11       0 1 1 01                    R 38f     4677642231 5 4 5 7   158.0  154.0
 23 7817.409053 4.777E-30 1.775e-06.07500.102  112.65340.69-.007884       4 0 0 11       0 0 0 01                    P 17e     3377642330 5 4 5 7    33.0   35.0
 21 7817.550907 4.121E-30 1.849e-06.08240.109 1328.35940.71-.007103       3 1 1 23       1 0 0 02                    P 10e     3677742029 5 4 5 7    19.0   21.0
 22 7817.718724 2.690E-30 1.800e-05.06820.082 1257.50180.76-.008879       4 1 1 11       0 1 1 01                    R 39e     4677642231 5 4 5 7   162.0  158.0
 21 7817.808607 2.406E-29 7.130e-08.06850.084  578.01160.76-.008269       5 1 1 01       0 0 0 01                    P 38e     3377642030 5 4 5 7    75.0   77.0
 23 7817.815613 4.548E-30 1.931e-06.08310.110   26.50870.72-.006679       2 1 1 22       0 0 0 01                    R  8e     3677842332 5 4 5 7    19.0   17.0
 21 7817.894965 3.547E-30 4.208e-06.06880.085 1805.25230.76-.009453       3 1 1 23       1 0 0 02                    Q 36e     3677642029 5 4 5 7    73.0   73.0
 21 7817.901734 6.380E-29 1.187e-06.07290.100  831.68290.71-.008761       3 0 0 23       0 1 1 01                    Q 20f     3677642029 5 4 5 7    41.0   41.0
 22 7818.088649 1.070E-30 1.398e-03.06930.090 2284.22660.76-.009892       2 1 1 33       1 1 1 02                    P 31e     3377642230 5 4 5 7   122.0  126.0
 23 7818.175884 4.796E-30 1.785e-06.07600.103  100.13740.69-.007743       4 0 0 11       0 0 0 01                    P 16e     3377642330 5 4 5 7    31.0   33.0
 23 7818.456049 4.882E-30 1.937e-06.08200.109   33.13570.71-.006928       2 1 1 22       0 0 0 01                    R  9e     3677742332 5 4 5 7    21.0   19.0
 21 7818.482801 6.726E-29 1.195e-06.07430.101  801.17310.70-.008579       3 0 0 23       0 1 1 01                    Q 18f     3677642029 5 4 5 7    37.0   37.0
 21 7818.520220 3.974E-30 3.811e-06.06900.087 1749.86000.76-.009415       3 1 1 23       1 0 0 02                    Q 34e     3677642029 5 4 5 7    69.0   69.0
 22 7818.582060 2.630E-30 2.009e-05.06820.081 1289.75290.76-.008893       4 1 1 11       0 1 1 01                    R 40f     4677642231 5 4 5 7   166.0  162.0
 21 7818.640630 1.206E-29 8.469e-07.08860.119  672.06760.78-.006014       3 0 0 23       0 1 1 01                    P  3e     3677742029 5 4 5 7     5.0    7.0
 22 7818.765761 2.100E-30 1.821e-05.06810.080 1320.70890.76-.008905       4 1 1 11       0 1 1 01                    R 41e     4677642231 5 4 5 7   170.0  166.0
 23 7818.940979 4.779E-30 1.796e-06.07690.103   88.35750.69-.007581       4 0 0 11       0 0 0 01                    P 15e     3377642330 5 4 5 7    29.0   31.0
 21 7819.003892 6.897E-29 1.203e-06.07590.103  773.79110.69-.008302       3 0 0 23       0 1 1 01                    Q 16f     3677642029 5 4 5 7    33.0   33.0
 23 7819.091316 5.128E-30 1.926e-06.08090.108   40.49890.70-.007179       2 1 1 22       0 0 0 01                    R 10e     3677742332 5 4 5 7    23.0   21.0
 21 7819.091567 4.270E-30 3.372e-06.06910.089 1697.58250.76-.008771       4 2 2 12       1 0 0 02                    Q 32e     3677642029 5 4 5 7    65.0   65.0
 21 7819.303881 3.908E-30 2.068e-06.08450.112 1313.52210.73-.006731       3 1 1 23       1 0 0 02                    P  8e     3677742029 5 4 5 7    15.0   17.0
 21 7819.393857 2.719E-29 6.408e-08.06870.085  519.53500.76-.008252       5 1 1 01       0 0 0 01                    P 36e     3377642030 5 4 5 7    71.0   73.0
 21 7819.465132 6.859E-29 1.210e-06.07790.105  749.53740.69-.007934       3 0 0 23       0 1 1 01                    Q 14f     3677642029 5 4 5 7    29.0   29.0
 22 7819.596886 1.170E-30 1.412e-03.06940.091 2260.98290.75-.009870       2 1 1 33       1 1 1 02                    P 30f     4377642230 5 4 5 7   118.0  122.0
 21 7819.608650 4.387E-30 2.907e-06.06940.091 1648.42100.75-.008722       4 2 2 12       1 0 0 02                    Q 30e     3677642029 5 4 5 7    61.0   61.0
 23 7819.625589 1.227E-30 4.262e-07.07890.105   57.43390.69-.007083       3 2 2 11       0 0 0 01                    R 12e     3677742332 5 4 5 7    27.0   25.0
 23 7819.704309 4.724E-30 1.808e-06.07790.104   77.31350.69-.007399       4 0 0 11       0 0 0 01                    P 14e     3377742330 5 4 5 7    27.0   29.0
 23 7819.723906 5.342E-30 1.920e-06.07990.107   48.59830.70-.007391       2 1 1 22       0 0 0 01                    R 11e     3677742332 5 4 5 7    25.0   23.0
 22 7819.748777 1.670E-30 1.669e-05.06810.079 1354.62160.76-.008925       4 1 1 11       0 1 1 01                    R 42f     4377642230 5 4 5 7   174.0  170.0
 22 7819.794471 1.340E-30 1.533e-05.06800.078 1387.02950.75-.008937       4 1 1 11       0 1 1 01                    R 43e     4377642230 5 4 5 7   178.0  174.0
 21 7819.866626 6.584E-29 1.216e-06.07990.107  728.41230.70-.007548       3 0 0 23       0 1 1 01                    Q 12f     3677742029 5 4 5 7    25.0   25.0
 22 7820.003561 1.010E-30 8.548e-04.07460.101 2080.49660.70-.009092       1 3 3 32       0 3 3 01                    P 18f     3477642231 5 4 5 7    70.0   74.0
 21 7820.072206 4.301E-30 2.439e-06.06970.093 1602.37630.75-.008675       4 2 2 12       1 0 0 02                    Q 28e     3677642029 5 4 5 7    57.0   57.0
 21 7820.208469 6.062E-29 1.222e-06.08190.109  710.41630.70-.007133       3 0 0 23       0 1 1 01                    Q 10f     3677742029 5 4 5 7    21.0   21.0
 21 7820.244009 6.813E-30 2.348e-06.09280.125  668.16120.78-.005524       3 0 0 23       0 1 1 01                    P  1e     3677742029 5 4 5 7     1.0    3.0
 23 7820.279267 1.815E-30 6.151e-07.07790.104   67.00570.69-.007251       3 2 2 11       0 0 0 01                    R 13e     3677742332 5 4 5 7    29.0   27.0
 23 7820.357139 5.264E-30 1.829e-06.07890.105   57.43390.69-.007570       2 1 1 22       0 0 0 01                    R 12e     3677742332 5 4 5 7    27.0   25.0
 23 7820.465840 4.630E-30 1.820e-06.07890.105   67.00570.69-.007206       4 0 0 11       0 0 0 01                    P 13e     3377742330 5 4 5 7    25.0   27.0
 21 7820.484246 4.021E-30 1.991e-06.07020.095 1559.44930.74-.008593       4 2 2 12       1 0 0 02                    Q 26e     3677642029 5 4 5 7    53.0   53.0
 21 7820.490745 5.293E-29 1.226e-06.08410.112  695.54950.72-.006691       3 0 0 23       0 1 1 01                    Q  8f     3677842029 5 4 5 7    17.0   17.0
 22 7820.586691 1.260E-30 1.398e-03.06960.092 2236.56300.75-.009851       2 1 1 33       1 1 1 02                    P 29e     3377642230 5 4 5 7   114.0  118.0
 21 7820.713517 4.297E-29 1.229e-06.08620.115  683.81240.75-.006347       3 0 0 23       0 1 1 01                    Q  6f     3677742029 5 4 5 7    13.0   13.0
 21 7820.751864 1.002E-30 1.922e-06.06840.081 1925.37740.76-.008899       4 2 2 12       1 0 0 02                    Q 40e     3677642029 5 4 5 7    81.0   81.0
 22 7820.805535 1.010E-30 1.550e-05.06780.077 1456.46300.75-.008977       4 1 1 11       0 1 1 01                    R 45e     4377642230 5 4 5 7   186.0  182.0
 21 7820.847948 3.589E-30 1.584e-06.07090.096 1519.64110.73-.008488       4 2 2 12       1 0 0 02                    Q 24e     3677542029 5 4 5 7    49.0   49.0
 21 7820.876841 3.108E-29 1.232e-06.08810.118  675.20490.77-.006093       3 0 0 23       0 1 1 01                    Q  4f     3677742029 5 4 5 7     9.0    9.0
 22 7820.900232 1.240E-30 1.649e-05.06790.078 1422.60860.75-.008962       4 1 1 11       0 1 1 01                    R 44f     4377642230 5 4 5 7   182.0  178.0
 23 7820.911720 2.565E-30 8.551e-07.07690.103   77.31350.69-.007432       3 2 2 11       0 0 0 01                    R 14e     3677642332 5 4 5 7    31.0   29.0
 21 7820.980483 2.995E-29 5.717e-08.06890.087  464.17170.76-.008215       5 1 1 01       0 0 0 01                    P 34e     3377642030 5 4 5 7    67.0   69.0
 21 7820.980756 1.776E-29 1.234e-06.09030.121  669.72740.78-.005821       3 0 0 23       0 1 1 01                    Q  2f     3677742029 5 4 5 7     5.0    5.0
 23 7820.994926 5.037E-30 1.707e-06.07790.104   67.00570.69-.007748       2 1 1 22       0 0 0 01                    R 13e     3677742332 5 4 5 7    29.0   27.0
 21 7821.013566 3.320E-30 2.264e-06.08650.115 1301.80820.75-.006450       3 1 1 23       1 0 0 02                    P  6e     3677742029 5 4 5 7    11.0   13.0
 22 7821.058795 1.000E-30 8.383e-04.07540.102 2066.37770.69-.008957       1 3 3 32       0 3 3 01                    P 17e     4377642230 5 4 5 7    66.0   70.0
 21 7821.096019 1.484E-30 2.220e-06.06850.083 1863.75850.76-.008872       4 2 2 12       1 0 0 02                    Q 38e     3677642029 5 4 5 7    77.0   77.0
 21 7821.167268 3.064E-30 1.232e-06.07180.098 1482.95200.72-.008351       4 2 2 12       1 0 0 02                    Q 22e     3677642029 5 4 5 7    45.0   45.0
 23 7821.225547 4.494E-30 1.833e-06.07980.106   57.43390.70-.007003       4 0 0 11       0 0 0 01                    P 12e     3377742330 5 4 5 7    23.0   25.0
 21 7821.440155 2.163E-30 2.568e-06.06870.085 1805.25230.76-.008851       4 2 2 12       1 0 0 02                    Q 36e     3677642029 5 4 5 7    73.0   73.0
 21 7821.446426 2.505E-30 9.391e-07.07290.099 1449.38310.71-.008205       4 2 2 12       1 0 0 02                    Q 20e     3677642029 5 4 5 7    41.0   41.0
 23 7821.520786 3.365E-30 1.112e-06.07600.103   88.35750.69-.008134       2 1 1 22       0 0 0 01                    R 15e     3677642332 5 4 5 7    33.0   31.0
 23 7821.640906 4.558E-30 1.520e-06.07700.103   77.31350.69-.007940       2 1 1 22       0 0 0 01                    R 14e     3677642332 5 4 5 7    31.0   29.0
 21 7821.689454 1.959E-30 7.019e-07.07420.101 1418.93480.70-.008036       4 2 2 12       1 0 0 02                    Q 18e     3677642029 5 4 5 7    37.0   37.0
 21 7821.785206 3.089E-30 2.965e-06.06890.087 1749.86000.76-.008816       4 2 2 12       1 0 0 02                    Q 34e     3677642029 5 4 5 7    69.0   69.0
 21 7821.899907 1.462E-30 5.143e-07.07590.103 1391.60780.69-.007777       4 2 2 12       1 0 0 02                    Q 16e     3677642029 5 4 5 7    33.0   33.0
 23 7821.983404 4.316E-30 1.848e-06.08090.108   48.59830.70-.006811       4 0 0 11       0 0 0 01                    P 11e     3377742330 5 4 5 7    21.0   23.0
 22 7822.026688 1.360E-30 1.407e-03.06980.093 2214.75630.74-.009823       2 1 1 33       1 1 1 02                    P 28f     4377642230 5 4 5 7   110.0  114.0
 22 7822.037050 1.090E-30 1.963e-05.06770.076 1493.71250.75-.009010       4 1 1 11       0 1 1 01                    R 46f     3677642231 5 4 5 7   190.0  186.0
 21 7822.080748 1.033E-30 3.676e-07.07780.105 1367.40260.69-.007431       4 2 2 12       1 0 0 02                    Q 14e     3677642029 5 4 5 7    29.0   29.0
 22 7822.098139 1.000E-30 8.366e-04.07630.103 2053.04250.69-.008796       1 3 3 32       0 3 3 01                    P 16f     4377642230 5 4 5 7    62.0   66.0
 23 7822.106440 4.220E-30 1.393e-06.07510.102  100.13740.69-.008306       2 1 1 22       0 0 0 01                    R 16e     3677642332 5 4 5 7    35.0   33.0
 21 7822.131797 4.306E-30 3.403e-06.06920.089 1697.58250.76-.009367       3 1 1 23       1 0 0 02                    Q 32e     3677642029 5 4 5 7    65.0   65.0
 23 7822.297221 3.912E-30 1.293e-06.07590.102   88.35750.69-.007615       3 2 2 11       0 0 0 01                    R 15e     3677642332 5 4 5 7    33.0   31.0
 21 7822.479850 5.832E-30 3.868e-06.06940.091 1648.42100.75-.009315       3 1 1 23       1 0 0 02                    Q 30e     3677642029 5 4 5 7    61.0   61.0
 21 7822.547002 3.941E-30 2.718e-07.08940.120  668.16120.78-.005993       3 0 0 23       0 1 1 01                    R  1e     3677742029 5 4 5 7     5.0    3.0
 21 7822.567959 3.212E-29 5.060e-08.06910.089  411.92250.76-.008161       5 1 1 01       0 0 0 01                    P 32e     3377642030 5 4 5 7    63.0   65.0
 23 7822.670273 4.907E-30 1.628e-06.07430.101  112.65340.70-.008460       2 1 1 22       0 0 0 01                    R 17e     3677642332 5 4 5 7    37.0   35.0
 21 7822.678583 2.316E-30 2.381e-06.08800.118 1293.21780.77-.006175       3 1 1 23       1 0 0 02                    P  4e     3677742029 5 4 5 7     7.0    9.0
 23 7822.739386 4.097E-30 1.864e-06.08200.109   40.49890.71-.006622       4 0 0 11       0 0 0 01                    P 10e     3377742330 5 4 5 7    19.0   21.0
 21 7822.828240 7.641E-30 4.336e-06.06980.093 1602.37630.75-.009264       3 1 1 23       1 0 0 02                    Q 28e     3677642029 5 4 5 7    57.0   57.0
 23 7822.963885 3.274E-30 1.081e-06.07500.102  100.13740.69-.007778       3 2 2 11       0 0 0 01                    R 16e     3677642332 5 4 5 7    35.0   33.0
 22 7823.021367 1.460E-30 1.404e-03.07010.094 2192.02080.74-.009774       2 1 1 33       1 1 1 02                    P 27e     3377642230 5 4 5 7   106.0  110.0
 22 7823.121576 1.010E-30 8.500e-04.07720.104 2040.49170.69-.008612       1 3 3 32       0 3 3 01                    P 15e     3477642231 5 4 5 7    58.0   62.0
 21 7823.174597 9.656E-30 4.784e-06.07030.095 1559.44930.74-.009177       3 1 1 23       1 0 0 02                    Q 26e     3677642029 5 4 5 7    53.0   53.0
 23 7823.214463 5.512E-30 1.851e-06.07350.100  125.90520.70-.008572       2 1 1 22       0 0 0 01                    R 18e     3677642332 5 4 5 7    39.0   37.0
 23 7823.493473 3.836E-30 1.883e-06.08310.110   33.13570.72-.006437       4 0 0 11       0 0 0 01                    P  9e     3377742330 5 4 5 7    17.0   19.0
 21 7823.515414 1.175E-29 5.189e-06.07100.096 1519.64110.73-.009064       3 1 1 23       1 0 0 02                    Q 24e     3677542029 5 4 5 7    49.0   49.0
 23 7823.639287 2.716E-30 9.014e-07.07420.101  112.65340.70-.007923       3 2 2 11       0 0 0 01                    R 17e     3677642332 5 4 5 7    37.0   35.0
 23 7823.741037 5.929E-30 2.027e-06.07290.099  139.89300.71-.008674       2 1 1 22       0 0 0 01                    R 19e     3677642332 5 4 5 7    41.0   39.0
 21 7823.846435 1.377E-29 5.540e-06.07190.098 1482.95200.72-.008918       3 1 1 23       1 0 0 02                    Q 22e     3677642029 5 4 5 7    45.0   45.0
 21 7824.014231 1.271E-29 4.966e-07.08800.118  672.06760.77-.006024       3 0 0 23       0 1 1 01                    R  3e     3677742029 5 4 5 7     9.0    7.0
 21 7824.155809 3.350E-29 4.440e-08.06940.091  362.78830.75-.008116       5 1 1 01       0 0 0 01                    P 30e     3377642030 5 4 5 7    59.0   61.0
 21 7824.163169 1.555E-29 5.834e-06.07290.100 1449.38310.71-.008761       3 1 1 23       1 0 0 02                    Q 20e     3677642029 5 4 5 7    41.0   41.0
 23 7824.245645 3.535E-30 1.904e-06.08410.112   26.50870.73-.006276       4 0 0 11       0 0 0 01                    P  8e     3377742330 5 4 5 7    15.0   17.0
 23 7824.251601 6.213E-30 2.176e-06.07230.099  154.61660.71-.008762       2 1 1 22       0 0 0 01                    R 20e     3677642332 5 4 5 7    43.0   41.0
 23 7824.321231 2.221E-30 7.460e-07.07350.100  125.90520.70-.008027       3 2 2 11       0 0 0 01                    R 18e     3677642332 5 4 5 7    39.0   37.0
 22 7824.395856 1.550E-30 1.404e-03.07040.095 2171.65990.74-.009727       2 1 1 33       1 1 1 02                    P 26f     4377642230 5 4 5 7   102.0  106.0
 21 7824.461337 1.693E-29 6.070e-06.07430.101 1418.93480.70-.008579       3 1 1 23       1 0 0 02                    Q 18e     3677642029 5 4 5 7    37.0   37.0
 21 7824.737165 1.778E-29 6.259e-06.07590.103 1391.60780.69-.008302       3 1 1 23       1 0 0 02                    Q 16e     3677642029 5 4 5 7    33.0   33.0
 23 7824.747339 6.359E-30 2.295e-06.07170.098  170.07590.72-.008843       2 1 1 22       0 0 0 01                    R 21e     3677642332 5 4 5 7    45.0   43.0
 21 7824.987495 1.798E-29 6.403e-06.07790.105 1367.40260.69-.007934       3 1 1 23       1 0 0 02                    Q 14e     3677642029 5 4 5 7    29.0   29.0
 23 7824.995883 3.195E-30 1.930e-06.08510.113   20.61800.74-.006142       4 0 0 11       0 0 0 01                    P  7e     3377742330 5 4 5 7    13.0   15.0
 23 7825.007672 1.843E-30 6.304e-07.07280.099  139.89300.71-.008123       3 2 2 11       0 0 0 01                    R 19e     3677642332 5 4 5 7    41.0   39.0
 21 7825.209785 1.748E-29 6.518e-06.07990.107 1346.31960.70-.007548       3 1 1 23       1 0 0 02                    Q 12e     3677742029 5 4 5 7    25.0   25.0
 23 7825.229101 6.423E-30 2.401e-06.07130.097  186.27100.72-.008909       2 1 1 22       0 0 0 01                    R 22e     3677642332 5 4 5 7    47.0   45.0
 22 7825.242820 1.120E-30 8.033e-04.06760.075 2255.88130.74-.010295       1 2 2 32       0 2 2 01                    P 49f     4377642230 5 4 5 7   194.0  198.0
 22 7825.392690 1.650E-30 1.404e-03.07070.096 2150.60080.73-.009669       2 1 1 33       1 1 1 02                    P 25e     3377542230 5 4 5 7    98.0  102.0
 21 7825.402043 1.623E-29 6.603e-06.08190.109 1328.35940.70-.007133       3 1 1 23       1 0 0 02                    Q 10e     3677742029 5 4 5 7    21.0   21.0
 21 7825.426924 2.235E-29 6.257e-07.08650.115  679.09900.75-.006159       3 0 0 23       0 1 1 01                    R  5e     3677742029 5 4 5 7    13.0   11.0
 21 7825.562743 1.426E-29 6.668e-06.08410.112 1313.52210.72-.006691       3 1 1 23       1 0 0 02                    Q  8e     3677842029 5 4 5 7    17.0   17.0
 21 7825.690742 1.162E-29 6.713e-06.08620.115 1301.80820.75-.006347       3 1 1 23       1 0 0 02                    Q  6e     3677742029 5 4 5 7    13.0   13.0
 23 7825.696987 1.520E-30 5.326e-07.07220.099  154.61660.71-.008205       3 2 2 11       0 0 0 01                    R 20e     3677642332 5 4 5 7    43.0   41.0
 23 7825.697495 6.446E-30 2.510e-06.07080.096  203.20170.73-.008981       2 1 1 22       0 0 0 01                    R 23e     3677642332 5 4 5 7    49.0   47.0
 21 7825.743611 3.390E-29 3.855e-08.06970.093  316.76990.74-.008080       5 1 1 01       0 0 0 01                    P 28e     3377642030 5 4 5 7    55.0   57.0
 23 7825.744173 2.819E-30 1.963e-06.08610.115   15.46350.75-.006015       4 0 0 11       0 0 0 01                    P  6e     3377742330 5 4 5 7    11.0   13.0
 21 7825.785211 8.429E-30 6.746e-06.08810.118 1293.21780.77-.006093       3 1 1 23       1 0 0 02                    Q  4e     3677742029 5 4 5 7     9.0    9.0
 21 7825.845585 4.823E-30 6.766e-06.09030.121 1287.75110.78-.005821       3 1 1 23       1 0 0 02                    Q  2e     3677742029 5 4 5 7     5.0    5.0
 23 7826.152960 6.371E-30 2.597e-06.07050.095  220.86800.73-.009046       2 1 1 22       0 0 0 01                    R 24e     3677642332 5 4 5 7    51.0   49.0
 23 7826.387970 1.268E-30 4.577e-07.07170.098  170.07590.72-.008281       3 2 2 11       0 0 0 01                    R 21e     3677642332 5 4 5 7    45.0   43.0
 23 7826.490500 2.409E-30 2.007e-06.08690.116   11.04540.76-.005893       4 0 0 11       0 0 0 01                    P  5e     3377742330 5 4 5 7     9.0   11.0
 23 7826.595816 6.253E-30 2.683e-06.07010.095  239.26980.74-.009109       2 1 1 22       0 0 0 01                    R 25e     3677642332 5 4 5 7    53.0   51.0
 21 7826.640946 2.045E-30 4.728e-06.09280.125 1285.40820.78-.005611       3 1 1 23       1 0 0 02                    R  0e     3677742029 5 4 5 7     3.0    1.0
 22 7826.704436 1.740E-30 1.409e-03.07110.097 2131.69460.73-.009597       2 1 1 33       1 1 1 02                    P 24f     4377642230 5 4 5 7    94.0   98.0
 21 7826.785013 3.239E-29 7.288e-07.08450.112  689.25530.73-.006493       3 0 0 23       0 1 1 01                    R  7e     3677742029 5 4 5 7    17.0   15.0
 22 7826.880964 1.320E-30 8.029e-04.06770.076 2217.60380.74-.010266       1 2 2 32       0 2 2 01                    P 48e     4377642230 5 4 5 7   190.0  194.0
 23 7827.026297 6.177E-30 2.803e-06.06980.094  258.40710.74-.009161       2 1 1 22       0 0 0 01                    R 26e     3677642332 5 4 5 7    55.0   53.0
 23 7827.079747 1.074E-30 4.017e-07.07120.097  186.27100.72-.008341       3 2 2 11       0 0 0 01                    R 22e     3677642332 5 4 5 7    47.0   45.0
 23 7827.234852 1.970E-30 2.073e-06.08760.117    7.36360.77-.005753       4 0 0 11       0 0 0 01                    P  4e     3377742330 5 4 5 7     7.0    9.0
 21 7827.330985 3.322E-29 3.309e-08.07030.095  273.86800.74-.008002       5 1 1 01       0 0 0 01                    P 26e     3377642030 5 4 5 7    51.0   53.0
 23 7827.444583 5.884E-30 2.838e-06.06960.093  278.27970.74-.009211       2 1 1 22       0 0 0 01                    R 27e     3677642332 5 4 5 7    57.0   55.0
 22 7827.700673 1.820E-30 1.401e-03.07150.097 2112.30400.72-.009517       2 1 1 33       1 1 1 02                    P 23e     3377642230 5 4 5 7    90.0   94.0
 23 7827.850808 6.661E-30 3.431e-06.06930.092  298.88760.75-.009250       2 1 1 22       0 0 0 01                    R 28e     3377642330 5 4 5 7    59.0   57.0
 23 7827.977218 1.504E-30 2.185e-06.08820.118    4.41820.78-.005598       4 0 0 11       0 0 0 01                    P  3e     3377742330 5 4 5 7     5.0    7.0
 21 7828.088418 4.231E-29 8.224e-07.08230.109  702.53630.71-.006959       3 0 0 23       0 1 1 01                    R  9e     3677742029 5 4 5 7    21.0   19.0
 21 7828.145278 4.410E-30 4.421e-06.08860.119 1287.75110.78-.006037       3 1 1 23       1 0 0 02                    R  2e     3677742029 5 4 5 7     7.0    5.0
 23 7828.245077 6.421E-30 3.549e-06.06920.091  320.23070.75-.009276       2 1 1 22       0 0 0 01                    R 29e     3377642330 5 4 5 7    61.0   59.0
 22 7828.292276 1.560E-30 8.078e-04.06780.076 2180.03490.75-.010246       1 2 2 32       0 2 2 01                    P 47f     4377642230 5 4 5 7   186.0  190.0
 23 7828.717592 1.018E-30 2.439e-06.08890.119    2.20910.78-.005468       4 0 0 11       0 0 0 01                    P  2e     3377742330 5 4 5 7     3.0    5.0
 23 7828.754658 5.210E-30 3.105e-06.06900.090  342.29590.75-.008838       2 1 1 22       0 0 0 01                    R 30e     3377642332 5 4 5 7    63.0   61.0
 21 7828.917592 3.144E-29 2.802e-08.07100.097  234.08340.73-.007896       5 1 1 01       0 0 0 01                    P 24e     3377642030 5 4 5 7    47.0   49.0
 22 7828.952471 1.900E-30 1.407e-03.07200.098 2094.86060.72-.009441       2 1 1 33       1 1 1 02                    P 22f     4377642230 5 4 5 7    86.0   90.0
 21 7829.337046 5.159E-29 9.125e-07.08030.107  718.94190.70-.007423       3 0 0 23       0 1 1 01                    R 11e     3677742029 5 4 5 7    25.0   23.0
 23 7829.356891 5.560E-30 3.904e-06.06890.089  388.67050.76-.008856       2 1 1 22       0 0 0 01                    R 32e     3677642330 5 4 5 7    67.0   65.0
 23 7829.414989 4.869E-30 3.143e-06.06890.089  365.10850.76-.008856       2 1 1 22       0 0 0 01                    R 31e     3677642332 5 4 5 7    65.0   63.0
 21 7829.603962 6.987E-30 4.580e-06.08730.117 1293.21780.76-.006065       3 1 1 23       1 0 0 02                    R  4e     3677742029 5 4 5 7    11.0    9.0
 23 7829.704011 5.244E-30 4.024e-06.06890.089  412.95360.76-.008856       2 1 1 22       0 0 0 01                    R 33e     3677642330 5 4 5 7    69.0   67.0
 22 7829.887147 1.830E-30 8.105e-04.06800.077 2143.31100.75-.010225       1 2 2 32       0 2 2 01                    P 46e     4377642230 5 4 5 7   182.0  186.0
 22 7829.945325 1.970E-30 1.404e-03.07260.099 2077.13110.71-.009369       2 1 1 33       1 1 1 02                    P 21e     3377642230 5 4 5 7    82.0   86.0
 23 7830.039452 3.981E-30 3.353e-06.06860.086  437.97150.76-.009378       2 1 1 22       0 0 0 01                    R 34e     3677642332 5 4 5 7    71.0   69.0
 23 7830.363244 4.436E-30 4.118e-06.06850.085  463.72410.76-.009398       2 1 1 22       0 0 0 01                    R 35e     3677642332 5 4 5 7    73.0   71.0
 21 7830.503127 2.862E-29 2.333e-08.07190.098  197.41660.72-.007769       5 1 1 01       0 0 0 01                    P 22e     3377642030 5 4 5 7    43.0   45.0
 21 7830.530786 5.973E-29 1.002e-06.07830.105  738.47170.69-.007782       3 0 0 23       0 1 1 01                    R 13e     3677742029 5 4 5 7    29.0   27.0
 23 7830.675411 3.762E-30 3.867e-06.06840.084  490.21120.76-.009410       2 1 1 22       0 0 0 01                    R 36e     3677642332 5 4 5 7    75.0   73.0
 23 7830.975975 3.431E-30 3.921e-06.06830.083  517.43280.76-.009429       2 1 1 22       0 0 0 01                    R 37e     3677642332 5 4 5 7    77.0   75.0
 21 7831.017812 9.636E-30 4.831e-06.08550.114 1301.80820.74-.006302       3 1 1 23       1 0 0 02                    R  6e     3677742029 5 4 5 7    15.0   13.0
 22 7831.139999 2.040E-30 1.414e-03.07310.100 2061.15920.71-.009291       2 1 1 33       1 1 1 02                    P 20f     4377642230 5 4 5 7    78.0   82.0
 23 7831.264952 3.166E-30 4.040e-06.06820.082  545.38880.76-.009448       2 1 1 22       0 0 0 01                    R 38e     3677642332 5 4 5 7    79.0   77.0
 22 7831.285081 2.130E-30 8.099e-04.06810.078 2107.30640.75-.010196       1 2 2 32       0 2 2 01                    P 45f     4377642230 5 4 5 7   178.0  182.0
 23 7831.542357 2.892E-30 4.139e-06.06820.082  574.07900.76-.009462       2 1 1 22       0 0 0 01                    R 39e     3677642332 5 4 5 7    81.0   79.0
 22 7831.600795 1.020E-30 1.049e-03.06730.073 2341.99490.73-.010374       2 0 0 33       1 0 0 02                    P 52e     3477742231 5 4 5 7   206.0  210.0
 23 7831.659047 1.041E-30 1.487e-06.08900.119    0.73640.78-.005582       4 0 0 11       0 0 0 01                    R  1e     3377742330 5 4 5 7     5.0    3.0
 21 7831.669516 6.632E-29 1.092e-06.07630.103  761.12550.69-.008170       3 0 0 23       0 1 1 01                    R 15e     3677642029 5 4 5 7    33.0   31.0
 23 7831.808205 2.631E-30 4.240e-06.06810.081  603.50330.76-.009476       2 1 1 22       0 0 0 01                    R 40e     3677642332 5 4 5 7    83.0   81.0
 23 7832.062505 2.383E-30 4.342e-06.06800.080  633.66180.76-.009488       2 1 1 22       0 0 0 01                    R 41e     3677642332 5 4 5 7    85.0   83.0
 21 7832.087322 2.494E-29 1.905e-08.07310.100  163.86840.71-.007652       5 1 1 01       0 0 0 01                    P 20e     3377642030 5 4 5 7    39.0   41.0
 22 7832.126657 2.080E-30 1.406e-03.07380.100 2045.08220.70-.009202       2 1 1 33       1 1 1 02                    P 19e     3377642230 5 4 5 7    74.0   78.0
 23 7832.305268 2.149E-30 4.446e-06.06800.079  664.55410.76-.009510       2 1 1 22       0 0 0 01                    R 42e     3677642332 5 4 5 7    87.0   85.0
 21 7832.388148 1.219E-29 5.109e-06.08340.111 1313.52210.72-.006708       3 1 1 23       1 0 0 02                    R  8e     3677842029 5 4 5 7    19.0   17.0
 23 7832.389393 1.556E-30 1.599e-06.08820.118    2.20910.78-.005620       4 0 0 11       0 0 0 01                    R  2e     3377742330 5 4 5 7     7.0    5.0
 23 7832.536501 1.931E-30 4.554e-06.06790.078  696.18020.75-.009523       2 1 1 22       0 0 0 01                    R 43e     3677642332 5 4 5 7    89.0   87.0
 21 7832.753102 7.106E-29 1.183e-06.07460.101  786.90280.70-.008497       3 0 0 23       0 1 1 01                    R 17e     3677642029 5 4 5 7    37.0   35.0
 23 7832.756215 1.725E-30 4.657e-06.06780.077  728.54000.75-.009550       2 1 1 22       0 0 0 01                    R 44e     3677642332 5 4 5 7    91.0   89.0
 22 7832.837018 2.480E-30 8.134e-04.06810.079 2072.13720.75-.010157       1 2 2 32       0 2 2 01                    P 44e     4377642230 5 4 5 7   174.0  178.0
 23 7832.964414 1.536E-30 4.766e-06.06770.077  761.63330.75-.009566       2 1 1 22       0 0 0 01                    R 45e     3677642332 5 4 5 7    93.0   91.0
 23 7833.117732 2.060E-30 1.665e-06.08760.117    4.41820.77-.005603       4 0 0 11       0 0 0 01                    R  3e     3377742330 5 4 5 7     9.0    7.0
 23 7833.161105 1.362E-30 4.876e-06.06760.076  795.46010.75-.009599       2 1 1 22       0 0 0 01                    R 46e     3677642332 5 4 5 7    95.0   93.0
 22 7833.267051 2.120E-30 1.413e-03.07460.101 2030.59080.70-.009092       2 1 1 33       1 1 1 02                    P 18f     4377642230 5 4 5 7    70.0   74.0
 23 7833.346295 1.203E-30 4.990e-06.06750.075  830.02010.74-.009626       2 1 1 22       0 0 0 01                    R 47e     3677642332 5 4 5 7    97.0   95.0
 23 7833.519989 1.057E-30 5.100e-06.06740.075  865.31330.74-.009657       2 1 1 22       0 0 0 01                    R 48e     3677642332 5 4 5 7    99.0   97.0
 21 7833.669938 2.068E-29 1.519e-08.07450.101  133.43930.70-.007495       5 1 1 01       0 0 0 01                    P 18e     3377642030 5 4 5 7    35.0   37.0
 21 7833.673406 1.641E-30 5.479e-07.07720.104 1367.40260.69-.007465       4 2 2 12       1 0 0 02                    R 14e     3677642029 5 4 5 7    31.0   29.0
 21 7833.716954 1.448E-29 5.390e-06.08130.108 1328.35940.70-.007211       3 1 1 23       1 0 0 02                    R 10e     3677742029 5 4 5 7    23.0   21.0
 21 7833.781391 7.378E-29 1.276e-06.07320.100  815.80320.71-.008712       3 0 0 23       0 1 1 01                    R 19e     3677642029 5 4 5 7    41.0   39.0
 23 7833.844072 2.548E-30 1.709e-06.08690.116    7.36360.76-.005637       4 0 0 11       0 0 0 01                    R  4e     3377742330 5 4 5 7    11.0    9.0
 22 7834.219447 2.860E-30 8.124e-04.06820.079 2037.69700.76-.010126       1 2 2 32       0 2 2 01                    P 43f     4377642230 5 4 5 7   170.0  174.0
 22 7834.244676 2.140E-30 1.410e-03.07540.102 2016.15840.69-.008957       2 1 1 33       1 1 1 02                    P 17e     3377642230 5 4 5 7    66.0   70.0
 23 7834.568417 3.014E-30 1.742e-06.08600.115   11.04540.75-.005724       4 0 0 11       0 0 0 01                    R  5e     3377742330 5 4 5 7    13.0   11.0
 21 7834.754225 7.445E-29 1.371e-06.07210.098  847.82630.72-.008883       3 0 0 23       0 1 1 01                    R 21e     3677642029 5 4 5 7    45.0   43.0
