 14 7800.025953 4.968E-29 4.306E-04.08800.412  217.04190.69-.005583          1 1 1          0 0 0  3  3  0        4  2  3      4641035041287122 7    42.0   54.0
 11 7800.366000 6.530E-29 5.596E-05.06420.281 1813.22260.47-.009838          1 3 0          0 0 0 10  2  9       11  3  8      4442336064297122 8    63.0   69.0
 14 7800.502395 2.590E-28 2.993E-03.09100.371  403.54900.63-.009111          0 3 1          0 0 0  6  2  5        6  2  4      4441035064257122 7    78.0   78.0
 11 7800.589400 6.950E-28 4.766E-05.05390.298 1293.63370.51-.005840          0 0 2          0 0 0 10  5  6       10  2  9      4442236064287122 8    63.0   63.0
 12 7800.750400 5.660E-29 2.940E-05.08500.400  298.61990.69-.008260          0 0 2          0 0 0  5  5  0        4  2  3      4444336064287522 8    33.0   27.0
 13 7800.803600 6.350E-29 9.238E-02.03940.329 1770.83530.44-.020860          1 0 1          0 0 0 13  4 10       12  2 11      444533606431752210   486.0  450.0
 14 7801.159413 2.087E-29 1.202E-04.09340.391  225.86490.67-.008635          0 3 1          0 0 0  5  1  4        5  1  5      4541035041257122 7    66.0   66.0
 14 7801.252650 4.940E-28 2.251E-03.10150.480   15.50820.73-.001401          0 3 1          0 0 0  2  1  2        1  0  1      4441035064257122 7    30.0   18.0
 13 7801.299300 5.080E-28 6.535E-03.07870.366  702.88600.61-.005220          0 0 2          0 0 0  8  4  5        7  1  6      4443336064257522 7   306.0  270.0
 14 7801.374609 2.006E-29 1.350E-02.03760.333 1294.83650.57-.019045          1 1 1          0 0 0  8  7  2        8  7  1      4641035041297122 9   102.0  102.0
 14 7801.374683 2.006E-29 1.350E-02.04930.333 1294.83650.57-.018590          1 1 1          0 0 0  8  7  1        8  7  2      4611035041 77122 7   102.0  102.0
 14 7801.443585 1.325E-28 1.498E-02.04930.371  872.79050.63-.015467          1 1 1          0 0 0  6  6  0        6  6  1      4611035041 77122 7    78.0   78.0
 14 7801.443657 1.325E-28 1.498E-02.03830.371  872.79050.63-.017735          1 1 1          0 0 0  6  6  1        6  6  0      4641035041297122 9    78.0   78.0
 11 7801.577500 1.930E-26 1.647E-01.03710.400 2321.90500.47-.027220          0 0 2          0 0 0 12  8  5       11  7  4      4644236069297522 9    75.0   69.0
 11 7801.617000 1.040E-27 1.090E-04.05910.315 1360.23500.55-.014580          1 0 1          0 0 0  9  8  2        9  4  5      444233606430712210    57.0   57.0
 11 7801.681700 3.225E-28 2.377E-05.07130.281 1327.10960.47-.015520          2 0 0          0 0 0 11  5  6       11  0 11      4542236033287122 8    69.0   69.0
 11 7801.690000 6.770E-27 1.733E-01.03230.400 2321.81170.47-.024660          0 0 2          0 0 0 12  8  4       11  7  5      4643236069297522 9    25.0   23.0
 14 7801.789479 5.585E-28 3.370E-02.05950.371  709.16760.63-.029720          3 0 0          0 0 0  5  5  0        6  5  1      4641035041287122 8    66.0   78.0
 14 7801.790076 5.585E-28 3.370E-02.05950.371  709.16690.63-.025610          3 0 0          0 0 0  5  5  1        6  5  2      4641035041257122 7    66.0   78.0
 12 7801.906030 3.990E-29 1.199E-01.04640.265 2265.52030.440.000000         -2-2-2          0 0 0 13 -2 -1       12  5  8      0522234736917122 0    81.0   75.0
 11 7802.082400 1.019E-29 3.973E-02.04260.298 3564.70500.51-.036680          1 1 1          0 1 0 11  8  4       10  6  5      4442336032297122 8    69.0   63.0
 13 7802.212700 4.610E-29 2.479E-02.03870.281 1324.12870.47-.019720          1 0 1          0 0 0 12  3 10       11  0 11      4442336064287122 8   150.0  414.0
 13 7802.212700 4.610E-29 2.479E-02.04280.253 1324.12870.470.000000          1 0 1          0 0 0 12  3 10       11  1 11      4445336064317522 0   150.0  138.0
 14 7802.375339 1.302E-29 9.379E-04.07200.333  809.39330.57-.017566          1 1 1          0 0 0  7  5  3        8  4  4      4641035041287122 8    90.0  102.0
 14 7802.400955 1.110E-27 6.473E-03.10930.456   66.18450.72-.010219          1 1 1          0 0 0  2  1  2        2  1  1      4411035064 77122 7    30.0   30.0
 14 7802.712149 6.970E-27 9.523E-02.08740.371  403.54900.63-.013490          3 0 0          0 0 0  5  2  3        6  2  4      4441035064257122 7    66.0   78.0
 11 7802.911500 2.010E-28 2.658E-04.04660.281 1695.06770.47-.014220          0 0 2          0 0 0 11  6  6       11  3  9      4442336064297122 8    23.0   23.0
 14 7802.976902 2.758E-28 1.055E-03.09430.434  100.39090.71-.010108          0 3 1          0 0 0  4  0  4        3  1  3      4641035041257122 7    54.0   42.0
 11 7802.983600 4.594E-28 3.245E-06.07240.352  782.40980.61-.013760          1 0 1          0 0 0  8  6  2        7  2  5      4442236033287122 8    51.0   45.0
 12 7803.173300 2.470E-27 3.322E-03.06830.337  583.77770.61-.008880          0 0 2          0 0 0  8  3  6        7  0  7      4443436064257522 7    51.0   45.0
 14 7803.215161 1.301E-29 9.336E-04.07900.333  808.56290.57-.013316          1 1 1          0 0 0  7  5  2        8  4  5      4641035041257122 7    90.0  102.0
 11 7803.233500 1.240E-27 2.349E-04.05990.333 1255.91150.57-.014196          1 2 0          0 0 0  9  8  2        8  5  3      4442236064287122 8    19.0   17.0
 11 7803.406500 2.564E-29 9.034E-04.07050.250 2629.33290.41-.028460          0 0 2          0 0 0 13  8  5       13  5  8      444233603231712211    81.0   81.0
 11 7803.465000 3.060E-27 2.066E-05.08340.391  416.20870.67-.001560          0 5 0          0 0 0  4  3  1        5  2  4      4442236064257122 7     9.0   11.0
 11 7803.495860 3.080E-26 3.191E-03.07730.351 1131.77550.57-.014280          2 0 0          0 0 0  9  7  3        8  4  4      5644233069287522 8    19.0   17.0
 14 7803.528153 3.887E-29 3.527E-04.09610.434  157.06470.71-.011534          0 6 0          0 0 0  2  0  2        3  2  1      4541035041257122 7    30.0   42.0
 11 7803.780800 3.486E-26 5.783E-02.03750.250 1774.61530.44-.021060          1 0 1          0 0 0 13  3 10       12  1 11      454523603331752210    27.0   25.0
 11 7803.781142 2.528E-26 1.264E-01.04610.281 1985.78420.47-.020420          0 0 2          0 0 0 12  6  6       11  5  7      3642234433297122 9    25.0   23.0
 11 7803.904200 1.200E-26 2.270E-02.03120.400 2042.30980.41-.015140          2 0 0          0 0 0 14  4 11       13  1 12      4644236069287522 8    87.0   81.0
 14 7803.922720 3.981E-29 1.668E-02.03160.352 1171.53170.61-.020851          1 1 1          0 0 0  7  7  1        7  7  0      4611035041 77122 7    90.0   90.0
 14 7803.922728 3.981E-29 1.668E-02.03190.352 1171.53160.61-.018173          1 1 1          0 0 0  7  7  0        7  7  1      4641035041297122 9    90.0   90.0
 11 7803.978400 3.750E-27 2.359E-04.05800.333 1255.16660.57-.014404          1 2 0          0 0 0  9  8  1        8  5  4      4442236064287122 8    57.0   51.0
 12 7804.100400 1.480E-29 1.991E-05.06160.352  583.77770.61-.009608          0 2 1          0 0 0  8  6  2        7  0  7      434233607030712210    51.0   45.0
 11 7804.113200 6.410E-28 3.480E-05.06930.315 1201.92100.55-.010794          1 3 0          0 0 0  8  1  8        9  2  7      4442236064287122 7    51.0   57.0
 12 7804.415600 2.820E-29 3.397E-02.06110.329 1835.48640.47-.003960          0 0 2          0 0 0 12  5  7       11  4  8      4444336064297522 8    25.0   23.0
 11 7804.499400 1.493E-29 7.467E-05.05300.281 1985.78420.47-.021737          1 3 0          0 0 0 12  0 12       11  5  7      444233603231712211    25.0   23.0
 11 7804.577000 7.933E-29 2.937E-02.02790.250 3127.86100.41-.027920          0 0 2          0 0 0 14  9  6       13  8  5      4442336032297122 9    87.0   81.0
 11 7804.609200 6.870E-26 4.661E-03.00920.303 1327.10960.47-.015608          0 2 1          0 0 0 12  4  8       11  0 11      464523606930752210    75.0   69.0
 11 7804.653500 2.645E-29 2.937E-02.02770.250 3127.80150.41-.027760          0 0 2          0 0 0 14  9  5       13  8  6      4442336032297122 9    29.0   27.0
 14 7804.654772 1.950E-27 6.103E-02.07460.371  573.97060.63-.017700          3 0 0          0 0 0  5  4  1        6  4  2      4441035064257122 7    66.0   78.0
 14 7804.722080 1.720E-27 5.381E-02.07480.371  573.89070.63-.019150          3 0 0          0 0 0  5  4  2        6  4  3      444103506425712210    66.0   78.0
 12 7804.766100 4.090E-29 5.137E-03.06120.400 1334.47890.55-.018740          2 0 0          0 0 0 10  7  3        9  4  6      4344336070287522 8    21.0   19.0
 11 7804.974345 1.015E-29 3.427E-05.08840.391 1920.76580.67-.003015          0 6 0          0 1 0  4  3  2        5  0  5      2442434432287122 7    27.0   33.0
 14 7805.078082 5.140E-28 2.907E-03.09340.391  221.94620.67-.007262          0 3 1          0 0 0  5  1  4        5  0  5      4441035064287122 7    66.0   66.0
 11 7805.158800 1.470E-27 2.681E-06.09680.456   95.17590.72-.003675          0 5 0          0 0 0  3  2  2        2  1  1      4442236064257122 7     7.0    5.0
 14 7805.197726 1.120E-28 1.017E-03.09610.434  157.06470.71-.017630          3 0 0          0 0 0  2  0  2        3  2  1      4441035064257122 7    30.0   42.0
 11 7805.216300 1.100E-28 1.375E-02.03440.235 2918.24370.40-.005268          0 4 0          0 0 0 15  8  7       14  5 10      4442336064297122 9    93.0   87.0
 14 7805.401131 1.699E-29 9.604E-05.10000.412  221.83620.69-.014251          1 1 1          0 0 0  5  0  5        4  2  2      4641035041287122 8    66.0   54.0
 14 7805.490478 3.363E-29 4.929E-03.08290.298 1024.56840.51-.022720          3 0 0          0 0 0 10  2  8       10  3  7      4641035041297122 8   126.0  126.0
 11 7805.581700 6.250E-27 1.133E-05.07060.371  447.25230.63-.009730          0 5 0          0 0 0  6  2  5        6  1  6      4442236064257122 7    39.0   39.0
 14 7805.604516 8.940E-27 1.032E-01.08040.400  403.16150.61-.024890          3 0 0          0 0 0  6  0  6        7  0  7      4444035064257522 7    78.0   90.0
 11 7805.661939 2.086E-28 1.270E-02.05060.250 2756.41430.41-.027472          0 2 1          0 0 0 14  8  6       13  6  7      344233443231712211    87.0   81.0
 14 7805.705574 4.060E-27 7.656E-02.08290.371  469.66360.63-.010550          3 0 0          0 0 0  5  3  2        6  3  3      4441035064257122 7    66.0   78.0
 11 7805.742400 4.193E-29 1.896E-01.03940.221 3443.18980.37-.024160          1 0 1          0 0 0 16  8  9       15  6 10      444233603231712211    33.0   31.0
 14 7805.779044 1.110E-29 7.916E-05.10000.391  303.99480.67-.009977          1 1 1          0 0 0  6  0  6        5  2  3      4641035041287122 7    78.0   66.0
 12 7805.889800 2.340E-29 5.052E-04.05820.315 1198.19950.55-.007780          1 0 1          0 0 0 10  6  4        9  2  7      434233607030712210    63.0   57.0
 13 7806.001400 5.860E-29 4.254E-04.07390.385  584.94110.61-.007020          2 0 0          0 0 0  8  5  4        7  0  7      4445336064287522 8   306.0  270.0
 11 7806.123800 5.410E-29 1.662E-05.05810.298 1581.33570.51-.025926          1 3 0          0 0 0  9  1  8       10  4  7      4442336064287122 7    57.0   63.0
 14 7806.221145 9.020E-27 1.010E-01.08920.371  362.50720.63-.017700          3 0 0          0 0 0  5  1  4        6  1  5      4441035064257122 7    66.0   78.0
 14 7806.388316 5.700E-29 1.302E-03.07750.333  598.56310.57-.017620          3 0 0          0 0 0  8  0  8        8  1  7      4411035064 77122 8   102.0  102.0
 11 7806.399500 3.800E-28 2.412E-04.06670.281 1525.13500.47-.009005          0 5 0          0 0 0 10  3  7       11  2 10      4442236064297122 8    21.0   23.0
 14 7806.415774 4.222E-29 3.663E-03.06240.352  818.00670.61-.010180          0 3 1          0 0 0  6  5  2        7  5  3      4641035041257122 7    78.0   90.0
 14 7806.415990 4.226E-29 3.667E-03.06240.352  818.01340.61-.012474          0 3 1          0 0 0  6  5  1        7  5  2      4641035041257122 7    78.0   90.0
 11 7806.624500 1.310E-27 6.984E-06.08830.412  315.77950.69-.001620          0 5 0          0 0 0  3  3  1        4  2  2      4442236064257122 7     7.0    9.0
 14 7806.676730 1.890E-28 4.403E-03.08290.352  576.90470.61-.023680          3 0 0          0 0 0  7  2  6        7  3  5      4441035064287122 8    90.0   90.0
 11 7806.724500 1.140E-26 1.791E-05.07410.371  447.25230.63-.011520          1 0 1          0 0 0  7  5  3        6  1  6      454223606430712210    45.0   39.0
 11 7806.778500 2.330E-27 1.323E-02.03930.250 2042.37270.41-.025040          2 0 0          0 0 0 14  3 11       13  2 12      4442236064297122 9    29.0   27.0
 14 7806.826911 9.010E-27 1.047E-01.08010.352  404.44570.61-.024570          3 0 0          0 0 0  6  1  6        7  1  7      4441035064257122 7    78.0   90.0
 11 7806.894500 1.475E-29 6.175E-02.03750.265 3386.05130.44-.021060          1 1 1          0 1 0 13  3 10       12  1 11      444233603231712210    27.0   25.0
 14 7807.175401 1.639E-28 3.743E-03.07480.333  598.56310.57-.021260          3 0 0          0 0 0  8  1  8        8  1  7      4641035041257122 7   102.0  102.0
 12 7807.188830 9.900E-29 1.488E-04.08490.400  325.21570.67-.005880          0 0 2          0 0 0  6  4  2        5  1  5      5645334836287522 8    13.0   11.0
 14 7807.259282 4.780E-27 8.923E-02.08160.371  467.51450.63-.016770          3 0 0          0 0 0  5  3  3        6  3  4      4441035064257122 7    66.0   78.0
 11 7807.273200 4.535E-28 5.373E-03.07870.352 2309.73010.61-.005220          0 1 2          0 1 0  8  4  5        7  1  6      4742236033257122 7    51.0   45.0
 11 7807.369500 1.410E-24 1.473E-02.08240.363  885.60020.57-.009580          0 0 2          0 0 0  9  3  6        8  2  7      4543236067257522 7    57.0   51.0
 11 7808.074000 3.858E-29 3.673E-03.01800.208 2660.94480.35-.017164          0 2 1          0 0 0 17  2 15       16  0 16      444233603231712211    35.0   33.0
 11 7808.078900 9.580E-27 5.547E-03.03880.400 1557.84360.44-.019700          2 0 0          0 0 0 13  3 11       12  0 12      4443236064287522 8    27.0   25.0
 14 7808.435401 2.440E-27 2.016E-02.10950.480   32.49640.73-.012888          1 1 1          0 0 0  1  1  1        1  1  0      4411035064 77122 7    18.0   18.0
 11 7808.454800 7.842E-29 1.097E-01.03940.265 3386.37870.44-.020860          1 1 1          0 1 0 13  4 10       12  2 11      444233603231712210    81.0   75.0
 11 7808.525400 1.020E-27 6.103E-04.03940.265 1774.75030.44-.020860          1 0 1          0 0 0 12  6  6       12  2 11      444223606431712210    75.0   75.0
 11 7809.039900 1.523E-29 3.148E-04.07230.371 2398.38160.63-.015000          2 1 0          0 1 0  7  7  0        6  4  3      4442336032287122 8    45.0   39.0
 14 7809.299141 4.970E-28 4.193E-03.09160.391  303.99480.67-.006797          0 3 1          0 0 0  5  2  4        5  2  3      4441035064257122 7    66.0   66.0
 11 7809.364800 1.238E-29 6.338E-05.04530.250 2246.88390.410.007372          0 4 0          0 0 0 14  7  8       13  2 11      4442336032297122 8    87.0   81.0
 11 7809.442000 2.227E-29 5.912E-05.08770.434 1819.33510.71-.002335          0 6 0          0 1 0  3  3  0        3  2  1      4442236032257122 7    21.0   21.0
 11 7809.534000 4.010E-28 7.742E-05.01470.265 1557.84710.44-.011510          0 5 0          0 0 0 13  0 13       12  1 12      4442236064287122 7    81.0   75.0
 14 7809.548796 1.444E-29 9.185E-02.09180.391 1625.74800.67-.018850          3 1 0          0 1 0  4  0  4        5  0  5      4641035041257122 7    54.0   66.0
 11 7809.568119 3.846E-26 1.386E-01.04990.281 2144.04580.47-.026400          1 0 1          0 0 0 12  8  4       11  6  5      364223443331712211    75.0   69.0
 12 7809.588600 1.640E-29 5.420E-04.06080.400 1321.45420.47-.006208          1 2 0          0 0 0 12  5  8       11  0 11      4343336070287522 8    75.0   69.0
 14 7809.613529 7.580E-28 5.297E-03.09410.391  265.23630.67-.004959          1 1 1          0 0 0  5  2  3        5  1  4      4441035064257122 7    66.0   66.0
 11 7809.684900 7.478E-27 6.342E-03.03590.400 1810.58770.55-.013964          0 2 1          0 0 0 10  9  1        9  7  2      454323603330752210    63.0   57.0
 11 7809.687714 2.668E-29 5.865E-01.03310.195 4017.90820.34-.015360          1 0 1          0 0 0 18  6 12       17  4 13      344233433231712211   111.0  105.0
 11 7809.688964 2.493E-27 6.342E-03.04480.315 1810.58300.55-.013944          0 2 1          0 0 0 10  9  2        9  7  3      354223443331712211    21.0   19.0
 11 7809.703200 1.730E-27 5.346E-06.06290.352  586.24350.61-.013320          1 0 1          0 0 0  7  6  2        7  0  7      444223606430712210    45.0   45.0
 11 7809.742700 1.260E-28 1.037E-03.03970.221 2358.29960.37-.024660          2 0 0          0 0 0 15  3 12       15  0 15      4442336064297122 9    93.0   93.0
 11 7809.859532 1.160E-29 6.046E-02.02360.235 3685.40660.40-.023560          0 0 2          0 0 0 15 10  5       14  9  6      2442334432297122 9    93.0   87.0
 14 7809.982361 4.760E-29 2.632E-04.09150.412  217.04190.69-.011405          0 3 1          0 0 0  5  1  4        4  2  3      4441035064257122 7    66.0   54.0
 14 7810.024050 7.760E-28 4.444E-03.09520.412  182.98350.69-.003378          1 1 1          0 0 0  4  2  2        4  1  3      4441035064257122 7    54.0   54.0
 11 7810.380400 3.000E-29 2.484E-04.07240.352 2180.64280.61-.003620          0 6 0          0 1 0  6  3  4        7  0  7      4442336064287122 8    39.0   45.0
 13 7810.444300 1.580E-29 1.015E-03.05010.271 1076.80110.55-.013240          1 0 1          0 0 0 10  5  5        9  1  8      434433607030752210   378.0  342.0
 14 7810.489992 2.090E-28 3.201E-03.08000.352  490.42740.61-.017480          3 0 0          0 0 0  7  0  7        7  2  6      4441035064257122 7    90.0   90.0
 11 7810.705300 6.720E-29 1.402E-05.05920.265 1557.84710.44-.005028          1 2 0          0 0 0 12  6  7       12  1 12      4442336064287122 8    75.0   75.0
 11 7810.793300 5.670E-29 2.028E-02.07490.298 3072.72590.51-.005340          0 1 2          0 1 0 11  4  7       10  3  8      4442336064287122 8    69.0   63.0
 11 7810.892200 1.050E-28 2.177E-05.07640.315 1477.29720.55-.022551          0 3 1          0 0 0  8  1  7        9  5  4      4442336064287122 8    51.0   57.0
 11 7810.952000 2.560E-26 4.945E-03.03800.206 1557.84710.44-.020620          2 0 0          0 0 0 13  2 11       12  1 12      4544236064287522 8    81.0   75.0
 11 7810.999200 1.090E-26 1.684E-01.03740.250 2248.06320.41-.022260          1 0 1          0 0 0 14  5 10       13  3 11      454223606431712211    29.0   27.0
 12 7811.021800 1.480E-28 7.382E-04.08290.377  601.23770.63-.009160          0 0 2          0 0 0  7  5  3        6  2  4      4345436070287522 8    15.0   13.0
 11 7811.047100 3.810E-28 1.178E-06.08320.352  586.24350.61-.008208          1 2 0          0 0 0  7  7  0        7  0  7      4442236064287122 8    45.0   45.0
 11 7811.151300 1.940E-28 6.916E-06.07240.352 1059.83530.61-.019181          1 3 0          0 0 0  6  2  5        7  5  2      4442336064287122 8    39.0   45.0
 14 7811.197078 9.660E-29 8.396E-04.10400.412  217.04190.69-.013860          3 0 0          0 0 0  3  1  2        4  2  3      4411035064 77122 7    42.0   54.0
 11 7811.256813 1.298E-26 1.394E-01.04860.400 2142.59670.47-.023840          1 0 1          0 0 0 12  8  5       11  6  6      364423443331752211    25.0   23.0
 11 7811.475400 1.390E-27 1.741E-01.03850.235 2918.24370.40-.024460          1 0 1          0 0 0 15  7  9       14  5 10      444223606431712211    93.0   87.0
 11 7811.555300 1.320E-28 4.192E-03.01830.208 2660.94400.35-.019264          0 2 1          0 0 0 17  3 15       16  1 16      444233606431712211   105.0   99.0
 14 7811.599238 4.950E-28 4.699E-03.09320.371  362.50720.63-.009250          1 1 1          0 0 0  6  2  4        6  1  5      4441035064287122 7    78.0   78.0
 11 7811.622100 2.620E-28 3.040E-05.07780.333 1131.77550.57-.013780          1 0 1          0 0 0  8  8  1        8  4  4      444233606430712210    17.0   17.0
 14 7811.686589 4.650E-28 1.762E-03.09950.456   46.17310.72-.001923          0 3 1          0 0 0  3  1  3        2  0  2      4441035064257122 7    42.0   30.0
 14 7811.867484 3.090E-29 1.185E-04.09200.434  100.39090.71-.008029          0 3 1          0 0 0  4  1  4        3  1  3      4441035064257122 7    54.0   42.0
 14 7811.921277 1.170E-28 1.793E-03.10220.352  490.42740.61-.018770          3 0 0          0 0 0  7  1  7        7  2  6      4411035064 77122 7    90.0   90.0
 14 7812.037556 4.340E-29 1.593E-04.09530.434   91.33030.71-.003935          0 3 1          0 0 0  4  0  4        3  0  3      4441035064257122 7    54.0   42.0
 14 7812.122045 6.590E-28 3.514E-03.09640.434  116.46130.71-.005146          1 1 1          0 0 0  3  2  1        3  1  2      4441035064257122 7    42.0   42.0
 14 7812.302268 1.376E-29 8.963E-02.09000.391 1630.49320.67-.017270          3 1 0          0 1 0  4  1  4        5  1  5      4641035041257122 7    54.0   66.0
 11 7812.346000 3.875E-29 7.503E-05.06800.281 1998.99480.47-.009840          1 0 1          0 0 0 11  9  3       11  5  6      444233603231712210    69.0   69.0
 14 7812.370935 7.405E-27 9.263E-02.08550.371  384.87560.63-.016110          3 0 0          0 0 0  5  2  4        6  2  5      4641035041257122 7    66.0   78.0
 11 7812.372506 5.601E-28 3.247E-04.01470.265 1557.84360.44-.013945          0 5 0          0 0 0 13  1 13       12  0 12      3342234433287122 7    27.0   25.0
 11 7812.431800 5.120E-26 4.868E-03.07930.483 1360.23500.55-.014680          2 0 0          0 0 0 10  7  4        9  4  5      4645236069287522 8    63.0   57.0
 14 7812.551667 1.630E-29 3.940E-04.12100.333  609.94650.57-.014996          1 1 1          0 0 0  8  2  6        8  2  7      4611035041 77122 7   102.0  102.0
 11 7812.555690 1.610E-25 8.928E-02.03940.329 1774.75030.44-.020860          1 0 1          0 0 0 13  4 10       12  2 11      564523306931752210    81.0   75.0
 11 7812.576100 9.680E-26 3.206E-03.06430.234 1122.70830.57-.016060          2 0 0          0 0 0  9  7  2        8  4  5      4645236069287522 8    57.0   51.0
 11 7812.702600 2.480E-29 8.036E-02.04300.250 3347.72000.410.000000         -2-2-2          0 0 0 14 -3 -3       13  9  4      1422234232917122 0    29.0   81.0
 11 7812.970520 6.030E-25 4.942E-03.08050.384  586.47920.61-.018240          0 0 2          0 0 0  8  2  6        7  1  7      5645233069257522 7    17.0   15.0
 11 7813.188700 1.374E-29 5.248E-03.05720.315 2841.43030.55-.007940          2 1 0          0 1 0 10  6  4        9  3  7      4442336032287122 8    21.0   19.0
 14 7813.420580 4.160E-29 2.285E-03.04100.315  801.64390.55-.011680          3 0 0          0 0 0  9  1  8        9  2  7      4411035064 77122 7   114.0  114.0
 11 7813.498700 4.534E-27 1.028E-01.03640.281 2522.26450.47-.021840          1 0 1          0 0 0 12 10  2       11  8  3      464223603331712211    75.0   69.0
 11 7813.502271 1.511E-27 1.028E-01.03490.281 2522.26070.47-.022380          1 0 1          0 0 0 12 10  3       11  8  4      364223443331712211    25.0   23.0
 14 7813.526302 1.066E-29 2.921E-04.08450.333  609.94650.57-.009331          0 3 1          0 0 0  7  3  4        8  2  7      4641035041257122 7    90.0  102.0
 11 7813.597300 4.280E-29 1.058E-03.03770.221 2358.30050.37-.020760          2 0 0          0 0 0 15  4 12       15  1 15      4442336064297122 9    31.0   31.0
 13 7813.766500 4.520E-29 2.186E-04.08490.355  445.79350.67-.008700          0 0 2          0 0 0  6  5  2        5  2  3      4445336064287522 8   234.0  198.0
 11 7813.871800 1.263E-29 1.157E-02.03980.235 3101.43210.400.000000         -2-2-2          0 0 0 15 -2 -2       14  6  8      1422204232917122 0    31.0   29.0
 11 7813.912800 2.750E-28 9.825E-04.04740.265 2124.94990.44-.022302          0 3 1          0 0 0 11  2 10       12  4  9      444223606431712210    69.0   75.0
 11 7813.993329 2.474E-29 1.667E-02.03720.235 3264.33620.40-.025960          1 0 1          0 0 0 15  9  7       14  7  8      244233443231712211    93.0   87.0
 11 7814.141200 4.140E-28 2.123E-04.04420.333 1411.64180.57-.010570          0 5 0          0 0 0  7  5  3        8  6  2      4442236064287122 8    15.0   17.0
 11 7814.170800 7.480E-27 1.180E-04.05010.400  744.06370.57-.016640          1 0 1          0 0 0  9  4  5        8  0  8      444423606430752210    19.0   17.0
 14 7814.184519 2.770E-27 2.263E-02.10020.480   29.80860.73-.004519          1 1 1          0 0 0  1  1  0        1  1  1      4441035064257122 7    18.0   18.0
 11 7814.254700 1.540E-25 3.142E-02.04280.253 1327.11650.470.000000          1 0 1          0 0 0 12  3 10       11  1 11      4645236069317522 0    25.0   23.0
 11 7814.446400 6.693E-28 3.137E-06.08390.391  416.20870.67-.009700          1 0 1          0 0 0  6  6  1        5  2  4      464223603330712210    13.0   11.0
 11 7814.486200 3.860E-25 2.625E-02.04400.224 1327.10960.47-.028720          1 0 1          0 0 0 12  2 10       11  0 11      4645236069287522 8    75.0   69.0
 11 7814.566700 1.200E-27 2.051E-04.04800.333 1411.61130.57-.009045          0 5 0          0 0 0  7  5  2        8  6  3      444223606425712210    45.0   51.0
 11 7814.729200 5.760E-28 3.651E-03.06830.352 2180.64280.61-.008880          0 1 2          0 1 0  8  3  6        7  0  7      4442236064257122 7    51.0   45.0
 14 7814.944051 4.320E-28 2.527E-03.09690.456   66.18450.72-.008260          1 1 1          0 0 0  2  2  0        2  1  1      4441035064287122 7    30.0   30.0
 11 7815.202700 2.420E-28 3.719E-02.04400.281 2915.87380.47-.028720          1 1 1          0 1 0 12  2 10       11  0 11      4442336064287122 8    75.0   69.0
 14 7815.246157 9.120E-28 6.317E-03.09210.412  221.83620.69-.008117          0 3 1          0 0 0  4  2  3        4  2  2      4441035064257122 7    54.0   54.0
 14 7815.317594 1.644E-29 2.415E-03.08100.298 1024.56840.51-.010308          0 3 1          0 0 0 10  3  8       10  3  7      3641035041297122 8   126.0  126.0
 11 7815.359700 2.015E-29 7.410E-04.04140.250 2426.19530.41-.000452          1 2 0          0 0 0 14  7  7       13  4 10      4442336032297122 9    29.0   27.0
 13 7815.582400 1.110E-29 3.116E-05.08500.400  299.43900.69-.008260          0 0 2          0 0 0  5  5  0        4  2  3      4344336070287522 8   198.0  162.0
 11 7815.618700 6.940E-29 3.200E-02.04280.281 2915.89330.470.000000          1 1 1          0 1 0 12  3 10       11  1 11      4442336064317122 0    25.0   23.0
 11 7815.692600 1.690E-27 8.518E-05.06660.333  982.91160.57-.007200          1 0 1          0 0 0  9  6  3        8  2  6      444223606430712210    19.0   17.0
 11 7815.695800 4.044E-29 8.240E-05.05890.250 2042.30980.41-.005440          2 0 0          0 0 0 13  6  7       13  1 12      4442336032287122 8    81.0   81.0
 11 7815.710500 4.110E-27 2.231E-01.03730.235 2746.02240.40-.022260          1 0 1          0 0 0 15  6 10       14  4 11      444223606431712211    93.0   87.0
 11 7815.729700 1.730E-26 2.879E-02.03570.400 1774.61530.44-.016004          0 2 1          0 0 0 13  5  8       12  1 11      454423606431752210    27.0   25.0
 14 7815.765995 1.669E-29 1.442E-04.09350.371  308.61570.63-.007282          0 3 1          0 0 0  5  2  3        6  1  6      4541035041287122 7    66.0   78.0
 14 7815.810133 2.210E-29 7.188E-03.07580.281 1206.75450.47-.018820          3 0 0          0 0 0 11  3  9       11  3  8      4641035041297122 8   138.0  138.0
 13 7815.824400 6.240E-28 4.541E-03.06830.337  584.94110.61-.008880          0 0 2          0 0 0  8  3  6        7  0  7      4443336064257522 7   306.0  270.0
 14 7815.935238 2.457E-29 1.797E-04.08720.371  308.61570.63-.009952          0 3 1          0 0 0  6  1  5        6  1  6      4641035041257122 7    78.0   78.0
 11 7815.974700 1.250E-28 1.688E-05.05390.333 1411.61130.57-.016228          1 2 0          0 0 0  9  9  0        8  6  3      4442336064287122 8    57.0   51.0
 14 7816.089812 1.740E-28 2.755E-03.09390.371  467.51450.63-.021910          3 0 0          0 0 0  6  2  5        6  3  4      4411035064 77122 7    78.0   78.0
 14 7816.232748 5.530E-29 4.024E-03.08500.315  859.39250.55-.022630          3 0 0          0 0 0  9  2  7        9  3  6      4441035064287122 7   114.0  114.0
 11 7816.269000 4.502E-29 7.917E-03.04100.250 2748.09860.41-.022128          0 2 1          0 0 0 14  8  7       13  6  8      344233443231712211    29.0   27.0
 14 7816.280286 1.347E-29 9.277E-02.09480.412 1590.04500.69-.012920          3 1 0          0 1 0  3  1  2        4  1  3      4641035041257122 7    42.0   54.0
 14 7816.382699 4.230E-28 5.988E-03.09020.352  473.91760.61-.009927          1 1 1          0 0 0  7  2  5        7  1  6      4441035064257122 7    90.0   90.0
 14 7816.396654 1.269E-28 1.155E-03.12130.434  157.06470.71-.018280          3 0 0          0 0 0  2  1  2        3  2  1      4611035041 77122 7    30.0   42.0
 11 7816.582600 2.670E-27 3.522E-04.05880.298 1446.12790.51-.003640          2 0 0          0 0 0 11  6  5       10  3  8      4442236064287122 8    69.0   63.0
 11 7816.705800 7.770E-27 7.038E-03.07500.298 1616.45240.51-.015660          2 0 0          0 0 0 11  7  5       10  4  6      4442236064297122 8    23.0   21.0
 12 7816.721800 2.530E-29 7.748E-04.07310.400 1288.26720.51-.004940          2 0 0          0 0 0 11  5  6       10  2  9      4343336070287522 8    69.0   63.0
 11 7816.752100 1.370E-24 6.640E-03.07870.366  704.21400.61-.005220          0 0 2          0 0 0  8  4  5        7  1  6      4543236064257522 7    51.0   45.0
 11 7816.891200 7.550E-28 1.021E-02.06730.265 2205.65180.44-.018340          2 0 0          0 0 0 13  7  7       12  4  8      4442236064297122 9    27.0   25.0
 11 7816.918700 1.270E-26 4.320E-05.08510.400  315.77950.69-.008180          0 0 2          0 0 0  5  5  1        4  2  2      4543236064287522 8    11.0    9.0
 11 7817.057000 5.170E-28 1.070E-02.06410.250 2533.79170.41-.010940          2 0 0          0 0 0 14  7  8       13  4  9      4442236064297122 9    87.0   81.0
 14 7817.526125 2.346E-28 9.678E-04.09100.412  156.38230.69-.008128          0 3 1          0 0 0  5  0  5        4  1  4      4641035041257122 7    66.0   54.0
 11 7817.529900 7.628E-27 8.368E-03.07430.281 1899.00750.47-.019940          2 0 0          0 0 0 12  7  6       11  4  7      4642236033297122 8    75.0   69.0
 14 7817.610933 1.994E-29 1.026E-04.09950.456  108.92620.72-.010361          1 1 1          0 0 0  3  2  2        2  2  1      4411035041 77122 7    42.0   30.0
 11 7817.727300 2.769E-29 8.816E-05.08390.412 1908.01630.69-.000965          0 6 0          0 1 0  4  3  2        4  2  3      4442236032257122 7    27.0   27.0
 14 7818.066940 1.345E-29 1.150E-04.10000.371  306.31470.63-.010414          0 3 1          0 0 0  5  2  3        6  0  6      4641035041287122 8    66.0   78.0
 14 7818.236183 3.910E-28 2.829E-03.09030.371  306.31470.63-.010682          0 3 1          0 0 0  6  1  5        6  0  6      4641035041287122 7    78.0   78.0
 11 7818.260000 6.970E-26 1.905E-04.07390.385  586.24350.61-.007020          2 0 0          0 0 0  8  5  4        7  0  7      4645236069287522 8    51.0   45.0
 14 7818.660297 1.930E-27 1.256E-02.09260.434  157.06470.71-.007637          0 3 1          0 0 0  3  2  2        3  2  1      4441035064257122 7    42.0   42.0
 11 7818.877100 2.900E-29 1.983E-04.04890.265 2275.37190.44-.016080          1 0 1          0 0 0 12  9  3       12  5  8      444233606431712210    75.0   75.0
 11 7819.276200 1.168E-29 5.056E-03.03800.265 3144.57810.44-.020620          2 1 0          0 1 0 13  2 11       12  1 12      4442336032287122 8    81.0   75.0
 14 7819.314301 2.658E-29 1.371E-04.10410.456  109.26910.72-.009050          1 1 1          0 0 0  3  2  1        2  2  0      4411035041 77122 7    42.0   30.0
 11 7819.338656 2.492E-28 4.901E-02.02790.281 2740.42040.47-.024700          1 0 1          0 0 0 12 11  2       11  9  3      344233443231712211    25.0   23.0
 11 7819.341400 9.700E-28 6.359E-02.03020.281 2740.42040.47-.023860          1 0 1          0 0 0 12 11  1       11  9  2      434223607131712211    75.0   69.0
 11 7819.462900 2.194E-29 4.451E-03.02200.281 2972.82810.47-.021620          1 0 1          0 0 0 12 12  0       11 10  2      444233603231712211    75.0   23.0
 11 7819.462900 6.582E-29 1.335E-02.02300.281 2972.82810.47-.022080          1 0 1          0 0 0 12 12  0       11 10  1      444233603231712211    75.0   69.0
 11 7819.495800 1.950E-26 1.468E-04.08160.400  542.90580.63-.007480          2 0 0          0 0 0  7  6  2        6  1  5      4544236064287522 8    15.0   13.0
 11 7819.517900 1.093E-29 4.080E-02.03690.221 3629.09430.37-.030060          1 0 1          0 0 0 16  9  7       15  7  8      444233603231712211    99.0   93.0
 11 7819.563100 1.810E-27 1.775E-01.03310.265 2613.10380.44-.029000          0 0 2          0 0 0 13  8  6       12  7  5      4442236064297122 9    27.0   25.0
 14 7819.617785 9.390E-28 5.289E-03.10770.456   58.12690.72-.006590          1 1 1          0 0 0  2  1  1        2  1  2      4411035064 77122 7    30.0   30.0
 14 7819.828616 2.704E-29 3.134E-04.10000.352  403.16150.61-.011532          0 3 1          0 0 0  6  2  4        7  0  7      4641035041287122 8    78.0   90.0
 11 7819.940300 5.750E-27 1.877E-01.03250.265 2612.79910.44-.028340          0 0 2          0 0 0 13  8  5       12  7  6      4442236064297122 9    81.0   75.0
 11 7820.074000 2.480E-28 5.481E-04.00890.235 2073.51360.40-.020620          1 0 1          0 0 0 14  3 11       14  1 14      444233606430712210    87.0   87.0
 14 7820.207661 3.630E-27 2.622E-02.09350.456  109.26910.72-.006333          0 3 1          0 0 0  2  2  1        2  2  0      4441035064257122 7    30.0   30.0
 11 7820.225500 3.666E-29 1.151E-02.06180.235 2880.83260.40-.005560          2 0 0          0 0 0 15  7  9       14  4 10      4442336032297122 9    31.0   29.0
 14 7820.456825 1.371E-29 2.429E-04.08360.352  490.42740.61-.007093          0 3 1          0 0 0  6  3  3        7  2  6      4541035041257122 7    78.0   90.0
 11 7820.688125 8.073E-28 2.995E-05.06570.333 1122.70830.57-.016060          0 0 2          0 0 0  8  7  2        8  4  5      4742234433287122 8    51.0   51.0
 11 7820.689300 8.320E-28 3.086E-05.06090.333 1122.70830.57-.014760          1 0 1          0 0 0  8  8  0        8  4  5      444233606430712210    51.0   51.0
 14 7820.919226 4.050E-27 2.921E-02.09350.456  108.92620.72-.007486          0 3 1          0 0 0  2  2  0        2  2  1      4441035064257122 7    30.0   30.0
 14 7820.928138 4.451E-28 1.637E-03.09610.434   91.33030.71-.002431          0 3 1          0 0 0  4  1  4        3  0  3      4641035041257122 7    54.0   42.0
 11 7820.965284 4.044E-28 1.163E-04.06450.315 1340.88450.55-.019240          0 0 2          0 0 0  9  7  3        9  4  6      474223443328712210    19.0   19.0
 11 7820.965800 4.160E-28 1.196E-04.06630.315 1340.88450.55-.019240          1 0 1          0 0 0  9  8  1        9  4  6      444233606430712210    19.0   19.0
 11 7821.056700 1.126E-29 5.208E-04.06470.333 2337.46310.57-.005290          0 6 0          0 1 0  7  3  5        8  0  8      4442336032287122 8    15.0   17.0
 13 7821.111400 1.980E-29 1.607E-04.08490.400  325.88040.67-.005880          0 0 2          0 0 0  6  4  2        5  1  5      4345336070287522 8    78.0   66.0
 11 7821.163900 2.858E-29 2.573E-01.03640.208 3822.24350.35-.023160          1 0 1          0 0 0 17  8 10       16  6 11      444233603231712211   105.0   99.0
 12 7821.305600 4.400E-28 2.825E-02.07490.393 1440.28800.51-.005340          0 0 2          0 0 0 11  4  7       10  3  8      4445436064287522 8    69.0   63.0
 14 7821.421638 1.271E-29 5.760E-04.07320.352  683.61000.61-.013119          1 1 1          0 0 0  6  5  2        7  4  3      4641035041287122 7    78.0   90.0
 14 7821.480713 3.612E-29 2.191E-03.05950.371  709.16760.63-.020828          0 3 1          0 0 0  5  5  0        6  5  1      4641035041287122 8    66.0   78.0
 14 7821.481064 3.612E-29 2.191E-03.05950.371  709.16690.63-.015899          0 3 1          0 0 0  5  5  1        6  5  2      4641035041257122 7    66.0   78.0
 11 7821.508600 3.306E-28 4.943E-04.01620.265 1962.50620.44-.021720          0 0 2          0 0 0 12  6  7       12  3 10      474223603330712210    75.0   75.0
 14 7821.509494 1.101E-28 6.060E-03.07570.315  801.64390.55-.015570          3 0 0          0 0 0  9  2  8        9  2  7      4641035041257122 7   114.0  114.0
 11 7821.548900 2.760E-28 1.806E-05.06360.315 1282.91880.55-.010128          0 2 1          0 0 0 10  7  3        9  3  6      444233606430712210    63.0   57.0
 11 7821.678400 1.030E-27 2.875E-04.03460.298 1581.33570.51-.021620          1 0 1          0 0 0 10  8  2       10  4  7      444223606430712210    63.0   63.0
 14 7821.710079 1.270E-29 5.748E-04.07800.352  683.32390.61-.014824          1 1 1          0 0 0  6  5  1        7  4  4      4641035041287122 8    78.0   90.0
 11 7821.845800 4.211E-27 2.924E-06.09270.434  173.36580.71-.002725          0 5 0          0 0 0  4  2  3        3  1  2      4342236033257122 7    27.0   21.0
 11 7821.991800 3.170E-28 8.514E-06.04710.315 1079.07920.55-.010895          0 5 0          0 0 0  9  2  7        9  1  8      4442236064257122 7    57.0   57.0
 11 7822.076500 5.300E-27 8.773E-06.08730.412  300.36230.69-.000815          0 5 0          0 0 0  3  3  0        4  2  3      4442236064287122 7    21.0   27.0
 14 7822.139541 1.970E-27 1.272E-02.09260.434  155.38900.71-.004941          0 3 1          0 0 0  3  2  1        3  2  2      4441035064257122 7    42.0   42.0
 14 7822.203824 1.210E-26 1.036E-01.08640.400  306.31470.63-.022180          3 0 0          0 0 0  5  0  5        6  0  6      4543035064257522 7    66.0   78.0
 11 7822.287700 1.124E-29 1.826E-03.07780.333 2595.81270.57-.008119          0 4 1          0 1 0  7  0  7        8  2  6      4442336032287122 7    15.0   17.0
 12 7822.376200 1.340E-28 3.213E-04.07690.289  701.69420.61-.007460          2 0 0          0 0 0  8  6  3        7  1  6      4445436064287522 8    51.0   45.0
 14 7822.640346 5.300E-28 2.987E-03.09590.456   58.12690.72-.006197          1 1 1          0 0 0  2  2  1        2  1  2      4441035064257122 7    30.0   30.0
 12 7822.739000 5.400E-28 8.248E-03.07750.323  879.49450.57-.003360          0 0 2          0 0 0  9  4  6        8  1  7      4445436064257522 7    19.0   17.0
 11 7822.817600 2.227E-29 5.171E-04.06970.265 2300.68410.44-.027460          0 0 2          0 0 0 12  8  4       12  5  7      444233603231712211    25.0   25.0
 12 7822.861900 3.270E-29 4.287E-04.06270.400 1051.20300.61-.020560          2 0 0          0 0 0  8  8  1        7  5  2      4344336070287522 8    51.0   45.0
 11 7822.911660 4.260E-26 1.035E-03.05010.271 1079.07920.55-.013240          1 0 1          0 0 0 10  5  5        9  1  8      554423306430752210    63.0   57.0
 12 7823.074700 1.090E-29 4.283E-04.06100.352 1050.99010.61-.018080          2 0 0          0 0 0  8  8  0        7  5  3      4342336070287122 8    17.0   15.0
 11 7823.174800 8.820E-29 5.853E-04.02970.235 2073.51420.40-.023380          1 0 1          0 0 0 14  4 11       14  0 14      444233606431712211    29.0   29.0
 14 7823.306993 6.970E-29 2.880E-04.09000.412  156.38230.69-.006430          0 3 1          0 0 0  5  1  5        4  1  4      4441035064257122 7    66.0   54.0
 11 7823.387600 5.900E-27 3.339E-06.09660.456   79.49640.720.001375          0 5 0          0 0 0  3  2  1        2  1  2      4442236064257122 7    21.0   15.0
 14 7823.466207 1.060E-28 4.215E-03.08540.333  711.79530.57-.021120          3 0 0          0 0 0  8  2  6        8  3  5      4441035064287122 8   102.0  102.0
 14 7823.580625 2.190E-28 2.602E-03.10290.391  373.66590.67-.021730          3 0 0          0 0 0  5  2  4        5  3  3      4411035064 77122 7    66.0   66.0
 14 7823.617830 6.037E-29 7.274E-04.09610.456  109.26910.72-.024450          3 0 0          0 0 0  1  0  1        2  2  0      4641035041287122 8    18.0   30.0
 11 7823.622700 1.560E-28 4.424E-02.04180.221 2872.57880.37-.029960          2 0 0          0 0 0 16  4 12       15  3 13      4342336071297122 9    33.0   31.0
 14 7823.752079 7.325E-29 2.936E-04.09180.412  150.15630.69-.003969          0 3 1          0 0 0  5  0  5        4  0  4      4441035041257122 7    66.0   54.0
 11 7823.796800 3.610E-27 6.080E-04.06200.315 1477.29720.55-.016244          1 2 0          0 0 0 10  8  3        9  5  4      4442236064287122 8    63.0   57.0
 14 7823.890420 2.710E-28 2.877E-03.09040.371  384.87560.63-.020520          3 0 0          0 0 0  6  0  6        6  2  5      4441035064257122 7    78.0   78.0
 14 7823.935113 2.038E-28 4.675E-03.08790.333  598.56310.57-.015106          1 1 1          0 0 0  8  2  6        8  1  7      4641035041287122 8   102.0  102.0
 11 7823.939200 3.890E-28 1.062E-03.05330.281 1843.02880.47-.016660          1 0 1          0 0 0 11  8  3       11  4  8      434233607131712210    23.0   23.0
 14 7824.047474 1.170E-26 1.013E-01.08560.427  308.61570.63-.021730          3 0 0          0 0 0  5  1  5        6  1  6      4543035064257522 7    66.0   78.0
 14 7824.105355 1.880E-27 1.332E-02.11020.504    0.00000.74-.009694          1 1 1          0 0 0  1  0  1        0  0  0      4411035064 77122 7    18.0    6.0
 12 7824.188100 5.430E-28 1.910E-03.07920.361  780.45260.61-.008460          0 0 2          0 0 0  8  5  4        7  2  5      4445436064287522 7    51.0   45.0
 11 7824.574400 3.850E-28 8.136E-03.06840.235 2551.48210.40-.001464          1 2 0          0 0 0 15  6  9       14  3 12      4442236064297122 9    93.0   87.0
 14 7824.858706 1.710E-27 4.170E-02.07230.391  480.25890.67-.019330          3 0 0          0 0 0  4  4  0        5  4  1      4441035064257122 7    54.0   66.0
 14 7824.872974 1.380E-27 3.365E-02.07230.391  480.24260.67-.022270          3 0 0          0 0 0  4  4  1        5  4  2      4441035064287122 8    54.0   66.0
 11 7824.931300 4.145E-28 1.075E-01.03130.221 3080.17770.37-.018760          1 0 1          0 0 0 16  5 11       15  3 12      464223603331712211    99.0   93.0
 14 7824.947902 9.280E-27 9.607E-02.09080.400  303.99480.67-.013500          3 0 0          0 0 0  4  2  2        5  2  3      4443035064257522 7    54.0   66.0
 14 7824.957439 4.062E-29 2.963E-03.08280.315  859.39250.55-.011262          0 3 1          0 0 0  9  3  7        9  3  6      4641035041257122 7   114.0  114.0
 12 7825.142500 4.400E-29 5.428E-03.05360.273 1574.44950.51-.017020          2 0 0          0 0 0 11  7  4       10  4  7      4444336064287522 8    69.0   63.0
 14 7825.198134 9.860E-28 6.689E-03.09210.412  217.04190.69-.004831          0 3 1          0 0 0  4  2  2        4  2  3      4441035064257122 7    54.0   54.0
 11 7825.266900 3.810E-27 1.594E-01.05060.265 2437.50110.44-.029680          1 0 1          0 0 0 13  8  5       12  6  6      444223606431712211    27.0   25.0
 14 7825.437356 1.570E-28 1.421E-03.11580.434  155.38900.71-.017952          3 0 0          0 0 0  2  1  1        3  2  2      4611005041 7712248    30.0   42.0
 11 7825.439274 5.662E-29 1.279E-03.03460.235 2551.48220.40-.022160          1 0 1          0 0 0 14  7  7       14  3 12      344233443231712211    87.0   87.0
 11 7825.551500 1.204E-29 6.581E-05.05400.281 1985.78420.47-.024320          1 0 1          0 0 0 11  9  2       11  5  7      444233603231712211    23.0   23.0
 14 7825.586536 1.649E-29 9.553E-02.09530.412 1553.96140.69-.016490          3 1 0          0 1 0  3  0  3        4  0  4      4641035041257122 7    42.0   54.0
 14 7825.783094 1.240E-26 1.063E-01.09210.400  265.23630.67-.015990          3 0 0          0 0 0  4  1  3        5  1  4      4544035064257522 7    54.0   66.0
 11 7825.798700 7.560E-29 4.543E-05.05180.265 1774.75030.44-.004264          1 2 0          0 0 0 12  7  6       12  2 11      4442336032297122 8    75.0   75.0
 11 7826.070200 6.590E-29 2.744E-01.02870.208 3437.27510.35-.011160          2 0 0          0 0 0 17  6 12       16  3 13      4342336071297122 9    35.0   33.0
 11 7826.113800 1.150E-27 5.749E-04.05460.315 1474.98030.55-.015944          1 2 0          0 0 0 10  8  2        9  5  5      4442236064287122 8    21.0   19.0
 14 7826.146264 2.030E-28 1.005E-03.09700.434  100.39090.71-.007402          1 1 1          0 0 0  3  2  2        3  1  3      4441035064257122 7    42.0   42.0
 13 7826.182200 2.670E-29 7.196E-04.08290.377  601.96110.63-.009160          0 0 2          0 0 0  7  5  3        6  2  4      4345336070287522 8    90.0   78.0
 12 7826.351600 1.560E-29 1.569E-01.03460.400 2541.17280.40-.022160          1 0 1          0 0 0 15  5 11       14  3 12      434333607031752211    93.0   87.0
 14 7826.397009 2.360E-28 2.507E-03.08630.371  384.87560.63-.021980          3 0 0          0 0 0  6  1  6        6  2  5      4441035064287122 7    78.0   78.0
 14 7826.714755 4.840E-27 7.059E-02.08320.391  374.41000.67-.015270          3 0 0          0 0 0  4  3  1        5  3  2      4441035064257122 7    54.0   66.0
 14 7826.832377 1.256E-29 1.433E-02.06800.265 1481.44360.44-.030110          3 0 0          0 0 0 12  4  9       12  4  8      4641035041297122 9   150.0  150.0
 14 7826.999718 1.560E-28 2.214E-03.07890.352  473.91760.61-.020976          3 0 0          0 0 0  7  0  7        7  1  6      4411005064 7712248    90.0   90.0
 11 7827.091600 8.000E-28 9.937E-06.04330.315  920.16800.55-.012860          0 5 0          0 0 0  9  1  8        9  0  9      4442236064287122 7    57.0   57.0
 11 7827.253200 2.097E-29 8.941E-04.07210.352 2572.13930.61-.013400          2 1 0          0 1 0  8  7  2        7  4  3      4442336032287122 7    51.0   45.0
 14 7827.306988 4.940E-27 7.179E-02.08320.391  373.66590.67-.016680          3 0 0          0 0 0  4  3  2        5  3  3      444103506425712210    54.0   66.0
 14 7827.858563 1.610E-28 3.865E-03.06870.352  581.96200.61-.019830          3 0 0          0 0 0  7  2  5        7  3  4      4411035064 77122 7    90.0   90.0
 14 7827.953235 9.120E-28 4.515E-03.11110.434  100.39090.71-.008757          1 1 1          0 0 0  3  1  2        3  1  3      4411035064 77122 7    42.0   42.0
 11 7827.986800 1.490E-27 1.389E-05.06180.352  586.47920.61-.005355          0 5 0          0 0 0  7  2  6        7  1  7      4442236064257122 7    15.0   15.0
 11 7828.064000 5.830E-28 1.421E-04.05430.281 1327.11650.47-.018200          0 5 0          0 0 0 10  2  8       11  1 11      4442236064297122 8    21.0   23.0
 11 7828.124700 2.177E-29 1.257E-02.05540.221 3244.59930.37-.004260          2 0 0          0 0 0 16  7 10       15  4 11      4442336032297122 9    99.0   93.0
 14 7828.341392 1.312E-29 5.442E-04.07570.315  743.09730.55-.024227          1 1 1          0 0 0  9  2  7        9  2  8      4641035041287122 8   114.0  114.0
 11 7828.342600 1.703E-29 1.031E-05.01260.250 1806.66940.41-.016100          0 5 0          0 0 0 14  1 14       13  0 13      4442336032297122 8    87.0   81.0
 14 7828.431003 2.920E-28 4.146E-03.08110.352  473.91760.61-.016740          3 0 0          0 0 0  7  1  7        7  1  6      4441035064257122 7    90.0   90.0
 11 7828.663977 2.900E-28 9.568E-04.04850.265 2124.94990.44-.025920          1 0 1          0 0 0 12  8  4       12  4  9      374223443331712210    75.0   75.0
 14 7828.749013 1.508E-29 9.062E-02.09200.412 1561.33790.69-.016940          3 1 0          0 1 0  3  1  3        4  1  4      4641035041257122 7    42.0   54.0
 11 7828.929400 1.970E-26 1.250E-01.04510.490 2275.37190.44-.011880          0 0 2          0 0 0 13  6  7       12  5  8      4544236064297522 8    81.0   75.0
 12 7829.051200 7.780E-29 7.104E-02.00890.241 2033.76540.41-.021740          1 0 1          0 0 0 14  3 11       13  1 12      444543606430752210    87.0   81.0
 11 7829.162900 1.731E-29 3.384E-02.03680.221 3269.50070.370.000000         -2-2-2          0 0 0 16 -1 -1       15  5 11      1422234232917122 0    33.0   31.0
 14 7829.311969 2.500E-28 2.486E-03.08790.412  295.48720.69-.019150          3 0 0          0 0 0  4  2  3        4  3  2      4441035064257122 7    54.0   54.0
 14 7829.532947 3.510E-28 1.409E-03.09260.412  150.15630.69-.004965          0 3 1          0 0 0  5  1  5        4  0  4      4441035064257122 7    66.0   54.0
 11 7829.645900 1.168E-26 1.602E-01.04650.110 2433.79910.44-.026120          1 0 1          0 0 0 13  8  6       12  6  7      464323603331752211    81.0   75.0
 12 7829.687500 4.590E-29 1.069E-04.07860.018  414.16820.67-.007100          0 0 2          0 0 0  6  5  1        5  2  4      4344336070287522 8    13.0   11.0
 11 7829.718200 2.170E-26 5.458E-02.06110.329 1843.02880.47-.003960          0 0 2          0 0 0 12  5  7       11  4  8      4544236064297522 8    25.0   23.0
 11 7829.737300 1.221E-29 9.246E-05.07480.371 2161.28590.63-.000380          0 6 0          0 1 0  6  3  4        6  2  5      4442536032257122 7    39.0   39.0
 14 7830.318478 2.267E-28 3.640E-03.06460.371  469.66360.63-.033460          3 0 0          0 0 0  6  2  4        6  3  3      4611005041 7712248    78.0   78.0
 11 7830.330900 1.620E-24 4.440E-03.06830.337  586.24350.61-.008880          0 0 2          0 0 0  8  3  6        7  0  7      4543236064257522 7    51.0   45.0
 11 7830.515700 2.827E-29 6.639E-02.02890.183 3319.23560.330.000000         -2-2-2          0 0 0 17 -3 -3       18  1 18      1422234232917122 0    35.0  111.0
 14 7830.521904 1.625E-28 7.977E-04.08700.391  225.86490.67-.009881          0 3 1          0 0 0  6  0  6        5  1  5      4641035041257122 7    78.0   66.0
 14 7830.536680 1.364E-29 1.714E-04.08700.371  384.87560.63-.004402          0 3 1          0 0 0  5  3  2        6  2  5      4541035041257122 7    66.0   78.0
 11 7830.726700 2.230E-28 1.300E-04.04930.281 1525.13500.47-.008280          0 0 2          0 0 0 11  5  7       11  2 10      4442336064297122 8    23.0   23.0
 14 7830.745157 4.944E-28 3.988E-03.09160.391  293.63650.67-.005997          0 3 1          0 0 0  5  2  3        5  2  4      4641035041257122 7    66.0   66.0
 11 7830.812056 1.494E-28 8.854E-03.00950.298 2701.88870.51-.018228          0 4 0          0 0 0 11 11  0       10 10  1      3442334332297122 9    69.0   63.0
 11 7830.812068 4.981E-29 8.856E-03.00950.298 2701.88870.51-.018256          0 4 0          0 0 0 11 11  1       10 10  0      3442334332297122 9    23.0   21.0
 11 7830.867200 1.130E-25 2.054E-04.08490.355  446.51060.67-.008700          0 0 2          0 0 0  6  5  2        5  2  3      4645236069287522 8    39.0   33.0
 14 7830.914400 4.147E-29 2.830E-04.08830.391  293.63650.67-.012976          0 3 1          0 0 0  6  1  5        5  2  4      4641035041257122 7    78.0   66.0
 11 7831.015800 1.430E-28 1.403E-03.05830.265 2105.86660.44-.007857          0 3 1          0 0 0 11  1 10       12  3  9      444233606431712211    23.0   25.0
 14 7831.162688 9.062E-27 8.935E-02.08860.400  293.63650.67-.015570          3 0 0          0 0 0  4  2  3        5  2  4      4643035041257522 7    54.0   66.0
 14 7831.163799 4.705E-28 2.380E-03.09180.412  156.38230.69-.006663          1 1 1          0 0 0  4  2  3        4  1  4      4641035041257122 7    54.0   54.0
 11 7831.350400 1.930E-27 3.094E-04.05010.298 1446.12790.51-.017399          0 3 1          0 0 0  9  1  9       10  3  8      4442236064287122 8    57.0   63.0
 14 7831.403637 2.454E-29 2.488E-04.08110.352  404.44570.61-.019187          1 1 1          0 0 0  7  1  6        7  1  7      3641035041257122 7    90.0   90.0
 11 7831.502700 4.540E-28 1.183E-01.03430.265 2813.52730.44-.023920          1 0 1          0 0 0 13 10  3       12  8  4      444223606431712211    27.0   25.0
 11 7831.512900 1.216E-28 7.556E-05.07240.298 1538.14880.51-.006052          0 2 1          0 0 0 11  7  4       10  3  7      444233603231712210    23.0   21.0
 11 7831.518600 2.060E-27 1.790E-01.03540.265 2813.51140.44-.023060          1 0 1          0 0 0 13 10  4       12  8  5      444223606431712211    81.0   75.0
 14 7831.545367 1.020E-28 3.056E-03.09790.333  653.08870.57-.016800          3 0 0          0 0 0  8  1  7        8  2  6      4611035041 77122 8   102.0  102.0
 11 7831.847300 1.980E-26 5.166E-03.06120.400 1340.88450.55-.018740          2 0 0          0 0 0 10  7  3        9  4  6      4544236064287522 8    21.0   19.0
 14 7831.851199 2.678E-28 3.200E-03.11360.391  374.41000.67-.018340          3 0 0          0 0 0  5  2  3        5  3  2      4611035041 77122 7    66.0   66.0
 12 7831.985400 3.070E-29 8.418E-02.03510.400 2033.81720.41-.020840          1 0 1          0 0 0 14  4 11       13  2 12      444433606431752211    29.0   27.0
 14 7832.157048 3.555E-29 1.790E-04.09690.434  155.38900.71-.011454          1 1 1          0 0 0  4  2  3        3  2  2      4411035041 77122 7    54.0   42.0
 11 7832.285600 1.776E-29 1.248E-05.05450.250 1806.66940.41-.013700          0 0 2          0 0 0 12  5  8       13  0 13      4442336032297122 8    75.0   81.0
 14 7832.324353 9.552E-29 3.807E-03.07800.333  711.79530.57-.008246          0 3 1          0 0 0  8  3  6        8  3  5      4641035041257122 7   102.0  102.0
 11 7832.341900 3.170E-26 3.348E-05.08500.400  300.36230.69-.008260          0 0 2          0 0 0  5  5  0        4  2  3      4544236064287522 8    33.0   27.0
 11 7832.392300 4.480E-28 2.931E-04.06000.265 1774.75030.44-.015010          0 5 0          0 0 0 11  3  8       12  2 11      4442236064297122 8    69.0   75.0
 11 7832.637212 1.566E-29 9.509E-04.05010.315 2688.07960.55-.013240          1 1 1          0 1 0 10  5  5        9  1  8      444233443230712210    63.0   57.0
 11 7832.642500 4.320E-29 2.358E-05.05440.298 1718.71850.51-.016640          1 0 1          0 0 0 10  9  1       10  5  6      434233607130712210    63.0   63.0
 14 7832.687831 2.280E-28 2.298E-03.08610.352  403.16150.61-.016665          1 1 1          0 0 0  7  1  6        7  0  7      3441035064257122 7    90.0   90.0
 14 7833.265233 2.600E-28 2.590E-03.08950.412  295.67750.69-.015940          3 0 0          0 0 0  4  2  2        4  3  1      4441035064257122 7    54.0   54.0
 13 7833.298600 1.210E-28 4.235E-02.07490.393 1443.04100.51-.005340          0 0 2          0 0 0 11  4  7       10  3  8      4445336064287522 8   414.0  378.0
 11 7833.441700 1.330E-27 1.017E-02.04380.298 2054.36810.51-.015024          0 2 1          0 0 0 11  9  2       10  7  3      444223606431712211    23.0   21.0
 11 7833.464900 3.940E-27 1.004E-02.04590.400 2054.34480.51-.015880          0 2 1          0 0 0 11  9  3       10  7  4      444323606431752211    69.0   63.0
 14 7833.494863 1.620E-28 1.530E-03.08870.434  233.02380.71-.013820          3 0 0          0 0 0  3  2  2        3  3  1      4441035064287122 7    42.0   42.0
 12 7833.538600 1.980E-29 5.781E-03.03270.400 1798.96540.41-.019600          2 0 0          0 0 0 14  3 12       13  0 13      4344336070297522 8    87.0   81.0
 11 7833.864600 9.150E-27 4.052E-04.05820.315 1201.92100.55-.007780          1 0 1          0 0 0 10  6  4        9  2  7      444223606430712210    63.0   57.0
 14 7834.011279 8.550E-29 4.721E-03.08500.315  801.64390.55-.007774          1 1 1          0 0 0  9  3  6        9  2  7      4441035064287122 7   114.0  114.0
 14 7834.033204 4.600E-29 2.260E-04.08560.391  225.86490.67-.008857          0 3 1          0 0 0  6  1  6        5  1  5      4441035064257122 7    78.0   66.0
 14 7834.213200 3.630E-29 4.009E-03.08290.298  964.85050.51-.013036          1 1 1          0 0 0 10  3  7       10  2  8      4441035064297122 8   126.0  126.0
 12 7834.300500 3.590E-28 1.293E-02.07100.333 1075.90920.55-.014420          0 0 2          0 0 0 10  3  7        9  2  8      4445436064287522 7    21.0   19.0
 14 7834.357311 3.407E-29 2.418E-04.09260.391  225.86490.67-.019000          3 0 0          0 0 0  4  0  4        5  1  5      4641035041257122 7    54.0   66.0
 11 7834.366500 1.590E-27 1.290E-04.07610.315 1282.91880.55-.004915          0 5 0          0 0 0  8  4  5        9  3  6      4442236064287122 7    51.0   57.0
 14 7834.440573 6.650E-29 3.206E-04.08640.391  221.94620.67-.006530          0 3 1          0 0 0  6  0  6        5  0  5      4441035064257122 7    78.0   66.0
 13 7834.630500 3.210E-29 4.165E-04.07690.289  702.88600.61-.007460          2 0 0          0 0 0  8  6  3        7  1  6      4445336064287522 8   306.0  270.0
 11 7834.721000 1.868E-29 1.333E-04.08490.391 1922.82900.67-.005880          0 1 2          0 1 0  6  4  2        5  1  5      4442336032287122 8    13.0   11.0
 14 7834.882041 4.200E-28 3.391E-03.09200.391  293.63650.67-.019840          3 0 0          0 0 0  5  0  5        5  2  4      4441035064257122 7    66.0   66.0
 14 7834.909222 1.870E-28 1.767E-03.11300.434  233.05130.71-.015490          3 0 0          0 0 0  3  2  1        3  3  0      4411035064 77122 7    42.0   42.0
